evNum	picoTimeMs	adcAtEvent	rateOverall 
1	276	32	3.62
2	817	46	2.45
3	955	39	3.14
4	1187	41	3.37
5	3265	46	1.53
6	4054	41	1.48
7	5108	194	1.37
8	5970	42	1.34
9	6021	63	1.49
10	6201	34	1.61
11	7392	35	1.49
12	8672	97	1.38
13	9686	73	1.34
14	9938	33	1.41
15	12333	42	1.22
16	12503	40	1.28
17	13371	81	1.27
18	13902	66	1.29
19	14431	56	1.32
20	14591	61	1.37
21	16442	38	1.28
22	16929	38	1.30
23	17512	83	1.31
24	18865	48	1.27
25	18914	50	1.32
26	20023	30	1.30
27	20555	94	1.31
28	25257	39	1.11
29	25442	60	1.14
30	27742	33	1.08
1	785	64	1.27
2	1127	33	1.77
3	1369	57	2.19
4	1494	41	2.68
5	2241	170	2.23
6	2598	173	2.31
7	5052	47	1.39
8	7085	81	1.13
9	7569	47	1.19
10	9907	91	1.01
11	10641	41	1.03
12	10834	57	1.11
13	10987	33	1.18
14	11126	126	1.26
15	11304	78	1.33
16	11705	32	1.37
17	12091	33	1.41
18	13476	71	1.34
19	13710	31	1.39
20	14397	61	1.39
21	15451	42	1.36
22	17918	74	1.23
23	18356	38	1.25
24	19624	37	1.22
25	21042	51	1.19
26	25675	52	1.01
27	25752	47	1.05
28	26929	51	1.04
29	27327	52	1.06
30	27454	42	1.09
31	29207	35	1.06
32	29453	32	1.09
33	29512	69	1.12
34	29753	73	1.14
35	29949	41	1.17
36	30509	34	1.18
37	32140	30	1.15
38	32516	65	1.17
39	32781	41	1.19
40	33198	33	1.20
41	33252	30	1.23
42	33308	32	1.26
43	33850	177	1.27
44	34872	92	1.26
45	35019	80	1.29
46	37120	54	1.24
47	37436	62	1.26
48	39834	36	1.21
49	43845	70	1.12
50	44072	48	1.13
51	44413	33	1.15
52	45696	46	1.14
53	45746	33	1.16
54	46933	50	1.15
55	48370	59	1.14
56	50362	94	1.11
57	50432	40	1.13
58	51009	172	1.14
59	51679	36	1.14
60	52607	43	1.14
61	53698	86	1.14
62	53907	101	1.15
63	53974	35	1.17
64	54253	81	1.18
65	54292	34	1.20
66	54967	51	1.20
67	55245	113	1.21
68	55313	54	1.23
69	57597	58	1.20
70	57692	122	1.21
71	58367	34	1.22
72	58381	39	1.23
73	59301	32	1.23
74	60491	40	1.22
75	60784	53	1.23
76	61744	31	1.23
77	61968	53	1.24
78	62389	30	1.25
79	63928	79	1.24
80	63986	35	1.25
81	64044	60	1.26
82	64628	43	1.27
83	66102	32	1.26
84	67205	41	1.25
85	67271	42	1.26
86	68254	59	1.26
87	72554	128	1.20
88	72866	50	1.21
89	73297	54	1.21
90	73833	34	1.22
91	73968	51	1.23
92	74142	293	1.24
93	75475	72	1.23
94	76105	37	1.24
95	76227	122	1.25
96	76463	236	1.26
97	77371	38	1.25
98	77695	62	1.26
99	79410	95	1.25
100	80654	31	1.24
101	81100	37	1.25
102	81342	52	1.25
103	81527	36	1.26
104	83004	39	1.25
105	83089	32	1.26
106	83333	33	1.27
107	84378	49	1.27
108	86260	37	1.25
109	89365	38	1.22
110	90748	103	1.21
111	90890	36	1.22
112	91614	55	1.22
113	92752	39	1.22
114	92844	62	1.23
115	93100	103	1.24
116	95577	53	1.21
117	97165	59	1.20
118	98246	32	1.20
119	100452	30	1.18
120	100822	89	1.19
121	102246	38	1.18
122	103891	36	1.17
123	104641	302	1.18
124	104715	63	1.18
125	108064	37	1.16
126	108758	94	1.16
127	108961	177	1.17
128	110862	105	1.15
129	111178	33	1.16
130	112008	42	1.16
131	113389	35	1.16
132	115300	34	1.14
133	116134	55	1.15
134	116770	39	1.15
135	116910	79	1.15
136	117655	32	1.16
137	117697	36	1.16
138	118138	82	1.17
139	118718	50	1.17
140	119552	132	1.17
141	120044	30	1.17
142	121320	51	1.17
143	124411	43	1.15
144	125097	145	1.15
145	125174	255	1.16
146	125341	70	1.16
147	126013	62	1.17
148	126051	92	1.17
149	130848	34	1.14
150	131762	45	1.14
151	132197	31	1.14
152	132381	101	1.15
153	135351	37	1.13
154	135584	38	1.14
155	136707	46	1.13
156	137119	36	1.14
157	137698	32	1.14
158	138447	60	1.14
159	138558	30	1.15
160	138787	43	1.15
161	138932	32	1.16
162	139371	48	1.16
163	139408	60	1.17
164	140533	126	1.17
165	141451	48	1.17
166	141715	37	1.17
167	143845	64	1.16
168	145740	44	1.15
169	145980	38	1.16
170	146821	62	1.16
171	147527	172	1.16
172	148032	76	1.16
173	149571	36	1.16
174	149739	34	1.16
175	149971	37	1.17
176	150192	42	1.17
177	150682	30	1.17
178	151523	54	1.17
179	152032	38	1.18
180	152490	55	1.18
181	153081	82	1.18
182	155961	37	1.17
183	157183	52	1.16
184	157563	35	1.17
185	158452	36	1.17
186	158767	77	1.17
187	162688	103	1.15
188	163510	58	1.15
189	165133	62	1.14
190	165826	33	1.15
191	166059	40	1.15
192	166342	45	1.15
193	167857	89	1.15
194	169785	37	1.14
195	171044	34	1.14
196	171288	47	1.14
197	171929	70	1.15
198	172112	62	1.15
199	173179	103	1.15
200	173600	110	1.15
201	174141	50	1.15
202	175034	150	1.15
203	176736	297	1.15
204	177097	84	1.15
205	177566	34	1.15
206	178129	31	1.16
207	178689	89	1.16
208	180068	31	1.16
209	180723	33	1.16
210	181025	100	1.16
211	183884	68	1.15
212	184794	62	1.15
213	185774	263	1.15
214	190043	83	1.13
215	190251	30	1.13
216	191414	30	1.13
217	193737	49	1.12
218	193859	37	1.12
219	195858	35	1.12
220	196873	80	1.12
221	198292	34	1.11
222	199292	75	1.11
223	201892	83	1.10
224	202357	56	1.11
225	202553	48	1.11
226	203128	69	1.11
227	203927	83	1.11
228	204087	41	1.12
229	204199	43	1.12
230	205073	73	1.12
231	207482	145	1.11
232	208221	81	1.11
233	208692	214	1.12
234	209826	98	1.12
235	210310	44	1.12
236	211208	74	1.12
237	212745	32	1.11
238	212816	34	1.12
239	212922	130	1.12
240	213796	52	1.12
241	215956	64	1.12
242	216200	40	1.12
243	216321	53	1.12
244	217120	35	1.12
245	217665	32	1.13
246	217786	88	1.13
247	218300	50	1.13
248	219257	32	1.13
249	220111	31	1.13
250	222193	48	1.13
251	222513	34	1.13
252	224038	74	1.12
253	224264	53	1.13
254	226705	66	1.12
255	228273	51	1.12
256	228416	30	1.12
257	228540	83	1.12
258	228619	46	1.13
259	228830	34	1.13
260	229027	96	1.14
261	230945	30	1.13
262	231482	48	1.13
263	231884	40	1.13
264	232399	102	1.14
265	234599	69	1.13
266	235368	44	1.13
267	235444	70	1.13
268	237293	34	1.13
269	237335	99	1.13
270	237608	78	1.14
271	237973	35	1.14
272	238268	162	1.14
273	238363	32	1.15
274	238447	191	1.15
275	238611	191	1.15
276	238733	37	1.16
277	239565	66	1.16
278	239664	30	1.16
279	240878	44	1.16
280	243059	49	1.15
281	243511	81	1.15
282	243954	45	1.16
283	244371	93	1.16
284	245216	37	1.16
285	247109	43	1.15
286	249558	31	1.15
287	250601	38	1.15
288	250639	84	1.15
289	251221	43	1.15
290	251830	79	1.15
291	252271	34	1.15
292	253147	34	1.15
293	254685	115	1.15
294	255523	38	1.15
295	256275	31	1.15
296	257955	90	1.15
297	259078	37	1.15
298	259403	48	1.15
299	259695	60	1.15
300	259973	64	1.15
301	261633	65	1.15
302	262125	93	1.15
303	264294	42	1.15
304	264782	34	1.15
305	265450	83	1.15
306	266042	42	1.15
307	266913	34	1.15
308	267368	37	1.15
309	267394	81	1.16
310	267508	48	1.16
311	267550	159	1.16
312	267597	30	1.17
313	269979	36	1.16
314	271929	48	1.15
315	273796	85	1.15
316	275807	35	1.15
317	276110	75	1.15
318	277242	55	1.15
319	278584	50	1.15
320	279700	37	1.14
321	280781	101	1.14
322	280885	140	1.15
323	280926	41	1.15
324	281396	57	1.15
325	282745	38	1.15
326	284385	81	1.15
327	284487	167	1.15
328	285904	60	1.15
329	286049	65	1.15
330	288196	49	1.15
331	289188	36	1.14
332	290091	76	1.14
333	290442	53	1.15
334	290547	190	1.15
335	292161	37	1.15
336	294771	50	1.14
337	295055	30	1.14
338	295129	35	1.15
339	295187	33	1.15
340	295894	46	1.15
341	296123	42	1.15
342	297994	110	1.15
343	299064	36	1.15
344	300553	41	1.14
345	300823	53	1.15
346	301166	38	1.15
347	301514	34	1.15
348	303514	60	1.15
349	304634	300	1.15
350	305369	61	1.15
351	305793	37	1.15
352	305849	37	1.15
353	306352	51	1.15
354	307094	55	1.15
355	308433	32	1.15
356	309591	36	1.15
357	309683	35	1.15
358	310404	33	1.15
359	311721	72	1.15
360	313488	53	1.15
361	314592	32	1.15
362	314641	50	1.15
363	315852	81	1.15
364	315892	31	1.15
365	317348	53	1.15
366	317976	32	1.15
367	318307	46	1.15
368	320279	119	1.15
369	321019	51	1.15
370	322791	37	1.15
371	322864	30	1.15
372	323621	33	1.15
373	323757	33	1.15
374	323887	62	1.15
375	324548	54	1.16
376	325257	35	1.16
377	325687	33	1.16
378	327391	43	1.15
379	329962	154	1.15
380	330316	35	1.15
381	330883	94	1.15
382	331818	57	1.15
383	332774	39	1.15
384	333028	33	1.15
385	333340	35	1.15
386	333965	259	1.16
387	335153	38	1.15
388	335605	44	1.16
389	337580	48	1.15
390	337608	52	1.16
391	338313	47	1.16
392	338587	50	1.16
393	338731	68	1.16
394	339371	74	1.16
395	339623	39	1.16
396	340630	50	1.16
397	340670	88	1.17
398	341211	109	1.17
399	342509	55	1.16
400	345009	83	1.16
401	345503	54	1.16
402	345850	47	1.16
403	346308	62	1.16
404	346547	36	1.17
405	346647	93	1.17
406	347352	39	1.17
407	348456	37	1.17
408	349148	44	1.17
409	349233	39	1.17
410	349831	36	1.17
411	351087	31	1.17
412	351166	30	1.17
413	353433	66	1.17
414	356386	104	1.16
415	357436	52	1.16
416	359803	58	1.16
417	360418	46	1.16
418	362180	48	1.15
419	362414	87	1.16
420	363527	50	1.16
421	368091	143	1.14
422	368619	38	1.14
423	370123	39	1.14
424	370351	77	1.14
425	371190	33	1.14
426	372338	34	1.14
427	373635	47	1.14
428	374171	34	1.14
429	375643	44	1.14
430	376826	53	1.14
431	377295	30	1.14
432	377786	35	1.14
433	378852	49	1.14
434	379143	32	1.14
435	379474	31	1.15
436	380085	34	1.15
437	380961	37	1.15
438	381084	38	1.15
439	384525	55	1.14
440	384577	36	1.14
441	385769	36	1.14
442	385851	109	1.15
443	386791	33	1.15
444	386899	45	1.15
445	387982	132	1.15
446	388447	35	1.15
447	388683	77	1.15
448	388792	32	1.15
449	388861	30	1.15
450	389574	39	1.16
451	390967	33	1.15
452	391880	55	1.15
453	392579	72	1.15
454	395656	69	1.15
455	395676	66	1.15
456	397849	44	1.15
457	398951	34	1.15
458	399896	59	1.15
459	400238	76	1.15
460	400730	47	1.15
461	402234	31	1.15
462	402385	37	1.15
463	403546	32	1.15
464	405195	35	1.15
465	405661	34	1.15
466	407065	133	1.14
467	407811	33	1.15
468	411936	74	1.14
469	412330	80	1.14
470	414962	40	1.13
471	415897	65	1.13
472	416206	37	1.13
473	416422	127	1.14
474	416436	107	1.14
475	416570	32	1.14
476	416713	30	1.14
477	418809	33	1.14
478	419055	46	1.14
479	420701	62	1.14
480	421765	119	1.14
481	424690	91	1.13
482	424742	41	1.13
483	426803	39	1.13
484	427733	88	1.13
485	428238	126	1.13
486	428851	37	1.13
487	430946	33	1.13
488	431762	42	1.13
489	433557	31	1.13
490	434019	42	1.13
491	434583	44	1.13
492	436172	30	1.13
493	436493	168	1.13
494	438560	30	1.13
495	438883	40	1.13
496	440003	41	1.13
497	442258	84	1.12
498	443252	78	1.12
499	444789	46	1.12
500	445423	52	1.12
501	446006	30	1.12
502	446790	32	1.12
503	446998	32	1.13
504	448500	34	1.12
505	449157	43	1.12
506	449563	32	1.13
507	449764	79	1.13
508	450503	32	1.13
509	451375	109	1.13
510	452866	44	1.13
511	456930	37	1.12
512	457868	56	1.12
513	458072	37	1.12
514	458208	75	1.12
515	458745	116	1.12
516	459332	81	1.12
517	459830	51	1.12
518	461311	43	1.12
519	462107	44	1.12
520	462471	87	1.12
521	464073	44	1.12
522	464107	58	1.12
523	464899	32	1.12
524	464997	33	1.13
525	465618	34	1.13
526	466015	39	1.13
527	467570	138	1.13
528	467930	76	1.13
529	468553	51	1.13
530	469219	92	1.13
531	470630	34	1.13
532	471131	48	1.13
533	471411	56	1.13
534	472316	33	1.13
535	472531	35	1.13
536	474903	68	1.13
537	474948	45	1.13
538	477695	52	1.13
539	478192	36	1.13
540	478323	76	1.13
541	478419	164	1.13
542	478470	32	1.13
543	479592	84	1.13
544	479765	33	1.13
545	480879	85	1.13
546	484322	84	1.13
547	484872	48	1.13
548	484950	70	1.13
549	485419	44	1.13
550	485827	85	1.13
551	488396	76	1.13
552	488452	62	1.13
553	488676	82	1.13
554	489674	35	1.13
555	490388	47	1.13
556	490524	48	1.13
557	492509	32	1.13
558	493496	165	1.13
559	495646	88	1.13
560	495990	61	1.13
561	496648	68	1.13
562	496971	69	1.13
563	497184	32	1.13
564	498322	38	1.13
565	500263	30	1.13
566	501094	110	1.13
567	501237	30	1.13
568	501930	69	1.13
569	503945	220	1.13
570	504406	67	1.13
571	504781	172	1.13
572	504943	31	1.13
573	505283	47	1.13
574	505479	40	1.14
575	506115	44	1.14
576	507998	214	1.13
577	508975	59	1.13
578	509123	45	1.14
579	509539	31	1.14
580	510177	30	1.14
581	511760	41	1.14
582	511969	57	1.14
583	513404	64	1.14
584	513752	70	1.14
585	517114	48	1.13
586	517730	48	1.13
587	518135	32	1.13
588	519191	32	1.13
589	519396	30	1.13
590	521419	53	1.13
591	521459	40	1.13
592	521897	44	1.13
593	522474	47	1.13
594	524701	104	1.13
595	524760	135	1.13
596	526028	60	1.13
597	528144	45	1.13
598	529163	106	1.13
599	530311	66	1.13
600	532801	41	1.13
601	532955	77	1.13
602	533241	59	1.13
603	533709	71	1.13
604	533741	153	1.13
605	534002	30	1.13
606	537331	85	1.13
607	538033	268	1.13
608	538576	141	1.13
609	538759	58	1.13
610	539642	61	1.13
611	540071	129	1.13
612	540792	49	1.13
613	541677	45	1.13
614	541892	88	1.13
615	542351	31	1.13
616	542727	129	1.14
617	543236	31	1.14
618	543676	62	1.14
619	544046	130	1.14
620	545573	53	1.14
621	545644	36	1.14
622	545784	50	1.14
623	548168	38	1.14
624	549845	172	1.13
625	550563	37	1.14
626	552149	86	1.13
627	552235	70	1.14
628	552298	39	1.14
629	554384	39	1.13
630	554787	44	1.14
631	554903	36	1.14
632	555147	109	1.14
633	555766	31	1.14
634	555889	33	1.14
635	555946	41	1.14
636	556400	109	1.14
637	556930	38	1.14
638	557667	49	1.14
639	561390	73	1.14
640	562748	32	1.14
641	565813	128	1.13
642	566244	59	1.13
643	566297	33	1.14
644	566508	46	1.14
645	567219	31	1.14
646	567504	53	1.14
647	568700	59	1.14
648	570764	30	1.14
649	574170	36	1.13
650	576048	56	1.13
651	576241	30	1.13
652	576537	59	1.13
653	576573	49	1.13
654	576905	65	1.13
655	577441	72	1.13
656	577530	67	1.14
657	577562	38	1.14
658	578742	226	1.14
659	579841	42	1.14
660	579897	60	1.14
661	579960	155	1.14
662	580225	43	1.14
663	582060	112	1.14
664	582694	34	1.14
665	583432	43	1.14
666	583870	67	1.14
667	584592	130	1.14
668	585789	46	1.14
669	585869	47	1.14
670	587343	53	1.14
671	587554	52	1.14
672	589044	67	1.14
673	589531	70	1.14
674	589693	37	1.14
675	591276	108	1.14
676	591875	36	1.14
677	592713	41	1.14
678	593042	32	1.14
679	593314	47	1.14
680	593336	96	1.15
681	593484	31	1.15
682	594022	50	1.15
683	594669	31	1.15
684	595619	101	1.15
685	596396	38	1.15
686	596658	41	1.15
687	598258	33	1.15
688	598299	47	1.15
689	599398	53	1.15
690	599640	30	1.15
691	604448	49	1.14
692	604587	40	1.14
693	605230	138	1.15
694	605363	31	1.15
695	607105	77	1.14
696	608270	46	1.14
697	608596	38	1.15
698	608756	99	1.15
699	610218	66	1.15
700	610247	30	1.15
701	610390	60	1.15
702	611440	60	1.15
703	611746	32	1.15
704	612912	76	1.15
705	613232	47	1.15
706	613616	36	1.15
707	614277	115	1.15
708	614755	88	1.15
709	615902	47	1.15
710	616603	78	1.15
711	616862	111	1.15
712	617096	31	1.15
713	618738	51	1.15
714	619692	105	1.15
715	620099	30	1.15
716	623044	90	1.15
717	623097	56	1.15
718	623719	31	1.15
719	623989	48	1.15
720	624102	63	1.15
721	624148	43	1.16
722	624653	39	1.16
723	625636	36	1.16
724	626159	36	1.16
725	626899	36	1.16
726	628257	115	1.16
727	629538	60	1.15
728	629626	102	1.16
729	631257	58	1.15
730	632628	81	1.15
731	633166	79	1.15
732	633787	47	1.15
733	634437	35	1.16
734	635829	33	1.15
735	636065	72	1.16
736	636746	92	1.16
737	637007	35	1.16
738	639110	44	1.15
739	640209	33	1.15
740	640432	35	1.16
741	641004	105	1.16
742	641267	35	1.16
743	641675	38	1.16
744	642000	38	1.16
745	642160	103	1.16
746	642643	59	1.16
747	643330	97	1.16
748	643876	36	1.16
749	644902	112	1.16
750	647129	125	1.16
751	648635	34	1.16
752	649426	53	1.16
753	650719	36	1.16
754	652769	42	1.16
755	653239	69	1.16
756	653459	37	1.16
757	654371	292	1.16
758	655294	51	1.16
759	656038	47	1.16
760	656215	94	1.16
761	656415	32	1.16
762	657255	54	1.16
763	658187	32	1.16
764	658259	326	1.16
765	660370	44	1.16
766	660442	40	1.16
767	661484	44	1.16
768	661562	53	1.16
769	663621	35	1.16
770	663809	30	1.16
771	664143	62	1.16
772	665802	117	1.16
773	666463	116	1.16
774	666523	37	1.16
775	666984	35	1.16
776	669243	124	1.16
777	669532	48	1.16
778	670322	34	1.16
779	670696	62	1.16
780	671770	90	1.16
781	672213	109	1.16
782	672546	148	1.16
783	672712	51	1.16
784	672927	53	1.17
785	673152	56	1.17
786	674282	66	1.17
787	676087	79	1.16
788	679689	69	1.16
789	680133	40	1.16
790	680915	37	1.16
791	681453	33	1.16
792	681761	44	1.16
793	683947	121	1.16
794	684595	30	1.16
795	685014	39	1.16
796	685265	30	1.16
797	685608	58	1.16
798	686138	45	1.16
799	686996	42	1.16
800	687486	140	1.16
801	688118	30	1.16
802	690240	57	1.16
803	690656	30	1.16
804	691659	58	1.16
805	692555	74	1.16
806	692738	47	1.16
807	693913	60	1.16
808	694837	92	1.16
809	695538	39	1.16
810	695565	91	1.16
811	695862	87	1.17
812	697362	132	1.16
813	698633	92	1.16
814	698691	72	1.17
815	698876	53	1.17
816	699406	39	1.17
817	699511	39	1.17
818	700246	44	1.17
819	701771	41	1.17
820	702851	38	1.17
821	704381	30	1.17
822	704744	126	1.17
823	705884	86	1.17
824	707411	152	1.16
825	707649	33	1.17
826	709243	33	1.16
827	710974	37	1.16
828	712075	214	1.16
829	712272	92	1.16
830	713706	49	1.16
831	715110	155	1.16
832	716299	30	1.16
833	717734	42	1.16
834	717990	40	1.16
835	720311	195	1.16
836	720729	336	1.16
837	722529	64	1.16
838	724010	58	1.16
839	724048	70	1.16
840	726625	34	1.16
841	726899	35	1.16
842	727181	92	1.16
843	729249	50	1.16
844	729744	39	1.16
845	729999	36	1.16
846	732592	57	1.15
847	733224	43	1.16
848	733481	32	1.16
849	736818	33	1.15
850	736881	95	1.15
851	739375	48	1.15
852	739786	98	1.15
853	741054	45	1.15
854	744394	355	1.15
855	745963	317	1.15
856	747807	46	1.14
857	749260	35	1.14
858	749452	80	1.14
859	750167	39	1.15
860	752728	101	1.14
861	753093	44	1.14
862	753650	177	1.14
863	754257	196	1.14
864	754434	62	1.15
865	754953	120	1.15
866	755801	44	1.15
867	756174	31	1.15
868	757401	61	1.15
869	760083	123	1.14
870	760231	58	1.14
871	761481	42	1.14
872	763855	41	1.14
873	766321	79	1.14
874	766965	41	1.14
875	767789	52	1.14
876	768108	49	1.14
877	768387	127	1.14
878	770581	30	1.14
879	771022	38	1.14
880	772642	54	1.14
881	773730	40	1.14
882	775029	30	1.14
883	775383	73	1.14
884	775405	45	1.14
885	775673	93	1.14
886	776861	58	1.14
887	777454	32	1.14
888	778996	46	1.14
889	779527	66	1.14
890	780879	34	1.14
891	782907	53	1.14
892	783320	55	1.14
893	783568	162	1.14
894	783680	41	1.14
895	784570	68	1.14
896	785447	40	1.14
897	786181	40	1.14
898	786752	40	1.14
899	788816	40	1.14
900	788902	55	1.14
901	791236	33	1.14
902	791565	40	1.14
903	792635	46	1.14
904	792698	37	1.14
905	793019	34	1.14
906	794429	39	1.14
907	796813	81	1.14
908	797688	214	1.14
909	800252	53	1.14
910	800998	71	1.14
911	801343	49	1.14
912	801816	92	1.14
913	805494	86	1.13
914	806045	54	1.13
915	806846	64	1.13
916	807453	63	1.13
917	807553	78	1.14
918	807794	33	1.14
919	808315	100	1.14
920	810478	43	1.14
921	810994	103	1.14
922	812015	43	1.14
923	812870	173	1.14
924	812927	69	1.14
925	816551	31	1.13
926	819117	36	1.13
927	819248	116	1.13
928	819840	45	1.13
929	820817	75	1.13
930	820888	37	1.13
931	822404	35	1.13
932	825161	35	1.13
933	825248	71	1.13
934	825873	34	1.13
935	826694	83	1.13
936	826911	32	1.13
937	827169	44	1.13
938	827420	33	1.13
939	828392	66	1.13
940	829142	31	1.13
941	830028	40	1.13
942	831156	74	1.13
943	831219	41	1.13
944	831747	30	1.13
945	831798	33	1.14
946	832293	193	1.14
947	832888	80	1.14
948	833687	43	1.14
949	834276	50	1.14
950	834291	51	1.14
951	834876	43	1.14
952	835740	38	1.14
953	836392	89	1.14
954	837634	99	1.14
955	838632	136	1.14
956	838818	49	1.14
957	839970	31	1.14
958	841247	32	1.14
959	841342	97	1.14
960	842224	198	1.14
961	845118	35	1.14
962	845943	32	1.14
963	846235	36	1.14
964	847787	39	1.14
965	849224	41	1.14
966	849851	30	1.14
967	849923	238	1.14
968	852044	30	1.14
969	853621	266	1.14
970	854630	37	1.13
971	854975	34	1.14
972	856774	109	1.13
973	856982	36	1.14
974	857667	30	1.14
975	857808	33	1.14
976	858911	31	1.14
977	860127	43	1.14
978	860671	30	1.14
979	861195	71	1.14
980	861488	44	1.14
981	862196	33	1.14
982	862836	35	1.14
983	863484	41	1.14
984	864097	45	1.14
985	865854	43	1.14
986	866652	37	1.14
987	866745	42	1.14
988	867788	38	1.14
989	868434	53	1.14
990	870118	44	1.14
991	870986	74	1.14
992	873385	33	1.14
993	873900	175	1.14
994	876406	131	1.13
995	876963	61	1.13
996	877869	90	1.13
997	879479	43	1.13
998	880124	34	1.13
999	880398	62	1.13
1000	880933	33	1.14
1001	882202	38	1.13
1002	883126	108	1.13
1003	883462	34	1.14
1004	883527	45	1.14
1005	883920	47	1.14
1006	884219	45	1.14
1007	884388	34	1.14
1008	885094	31	1.14
1009	885933	34	1.14
1010	886919	86	1.14
1011	887051	61	1.14
1012	887952	48	1.14
1013	888750	159	1.14
1014	889413	31	1.14
1015	889589	35	1.14
1016	890680	180	1.14
1017	892253	61	1.14
1018	895879	97	1.14
1019	895973	44	1.14
1020	897380	30	1.14
1021	897670	39	1.14
1022	897694	70	1.14
1023	898156	70	1.14
1024	898717	47	1.14
1025	899366	64	1.14
1026	899937	170	1.14
1027	901843	35	1.14
1028	903299	38	1.14
1029	905189	47	1.14
1030	905626	37	1.14
1031	908040	74	1.14
1032	909776	36	1.13
1033	909865	31	1.14
1034	911401	59	1.13
1035	912125	33	1.13
1036	914316	46	1.13
1037	914835	31	1.13
1038	914952	31	1.13
1039	915298	32	1.14
1040	915396	154	1.14
1041	915687	58	1.14
1042	915798	86	1.14
1043	918732	64	1.14
1044	921561	36	1.13
1045	921713	45	1.13
1046	922778	57	1.13
1047	923108	147	1.13
1048	923355	31	1.13
1049	924754	96	1.13
1050	925111	34	1.13
1051	925490	104	1.14
1052	925826	79	1.14
1053	926326	38	1.14
1054	926376	35	1.14
1055	926868	32	1.14
1056	927241	146	1.14
1057	927366	38	1.14
1058	928489	33	1.14
1059	929096	113	1.14
1060	929266	62	1.14
1061	930574	42	1.14
1062	930908	41	1.14
1063	931908	65	1.14
1064	932809	76	1.14
1065	934524	80	1.14
1066	934663	39	1.14
1067	934833	101	1.14
1068	935949	33	1.14
1069	936426	168	1.14
1070	937107	52	1.14
1071	938237	34	1.14
1072	938669	51	1.14
1073	939655	256	1.14
1074	941488	178	1.14
1075	941777	57	1.14
1076	943094	52	1.14
1077	943506	62	1.14
1078	944452	32	1.14
1079	946103	55	1.14
1080	947609	35	1.14
1081	947865	37	1.14
1082	948305	46	1.14
1083	949072	44	1.14
1084	950075	34	1.14
1085	951603	35	1.14
1086	951927	48	1.14
1087	951964	36	1.14
1088	954329	33	1.14
1089	954394	89	1.14
1090	955619	114	1.14
1091	957583	40	1.14
1092	959117	77	1.14
1093	959533	62	1.14
1094	959611	34	1.14
1095	959919	39	1.14
1096	960729	41	1.14
1097	961425	42	1.14
1098	962101	47	1.14
1099	963295	30	1.14
1100	963598	63	1.14
1101	963952	64	1.14
1102	964594	59	1.14
1103	966072	61	1.14
1104	966282	89	1.14
1105	967388	43	1.14
1106	968056	42	1.14
1107	970444	79	1.14
1108	972014	36	1.14
1109	973087	61	1.14
1110	974716	57	1.14
1111	975682	31	1.14
1112	976218	30	1.14
1113	978188	258	1.14
1114	978452	79	1.14
1115	978599	40	1.14
1116	978656	32	1.14
1117	978723	36	1.14
1118	978744	56	1.14
1119	980966	52	1.14
1120	982609	35	1.14
1121	983269	42	1.14
1122	983717	49	1.14
1123	985551	62	1.14
1124	989038	45	1.14
1125	990181	37	1.14
1126	990341	44	1.14
1127	990528	123	1.14
1128	991232	31	1.14
1129	991621	30	1.14
1130	991867	72	1.14
1131	991992	124	1.14
1132	994327	39	1.14
1133	995333	348	1.14
1134	996273	32	1.14
1135	996574	36	1.14
1136	997840	34	1.14
1137	998566	57	1.14
1138	998770	62	1.14
1139	999426	102	1.14
1140	1000008	123	1.14
1141	1000516	228	1.14
1142	1001011	75	1.14
1143	1001738	34	1.14
1144	1002791	126	1.14
1145	1005196	44	1.14
1146	1007601	32	1.14
1147	1008073	338	1.14
1148	1008673	88	1.14
1149	1010300	58	1.14
1150	1010356	40	1.14
1151	1011465	93	1.14
1152	1013477	32	1.14
1153	1014604	70	1.14
1154	1014652	146	1.14
1155	1014823	86	1.14
1156	1016124	75	1.14
1157	1016216	33	1.14
1158	1016300	54	1.14
1159	1017057	51	1.14
1160	1017742	47	1.14
1161	1018325	149	1.14
1162	1018532	42	1.14
1163	1018607	63	1.14
1164	1020028	39	1.14
1165	1021907	54	1.14
1166	1022366	42	1.14
1167	1022561	46	1.14
1168	1022610	133	1.14
1169	1023555	45	1.14
1170	1026171	37	1.14
1171	1026296	86	1.14
1172	1027184	40	1.14
1173	1027973	113	1.14
1174	1028827	58	1.14
1175	1029697	49	1.14
1176	1029976	37	1.14
1177	1030701	37	1.14
1178	1030971	49	1.14
1179	1031906	182	1.14
1180	1032840	39	1.14
1181	1032943	43	1.14
1182	1033061	33	1.14
1183	1033202	102	1.14
1184	1034270	46	1.14
1185	1035576	60	1.14
1186	1035606	30	1.15
1187	1035647	122	1.15
1188	1036001	32	1.15
1189	1037754	63	1.15
1190	1039433	56	1.14
1191	1042044	38	1.14
1192	1042958	46	1.14
1193	1043651	51	1.14
1194	1044678	38	1.14
1195	1045337	67	1.14
1196	1046083	33	1.14
1197	1046808	55	1.14
1198	1048203	65	1.14
1199	1048313	69	1.14
1200	1050129	58	1.14
1201	1050940	143	1.14
1202	1051750	32	1.14
1203	1051870	56	1.14
1204	1052832	45	1.14
1205	1053531	30	1.14
1206	1053982	42	1.14
1207	1054849	51	1.14
1208	1055255	55	1.14
1209	1056704	32	1.14
1210	1056856	36	1.14
1211	1058192	62	1.14
1212	1058514	44	1.15
1213	1058580	32	1.15
1214	1058922	44	1.15
1215	1059166	32	1.15
1216	1059229	61	1.15
1217	1060370	203	1.15
1218	1062985	37	1.15
1219	1063104	46	1.15
1220	1063193	39	1.15
1221	1063363	35	1.15
1222	1064723	33	1.15
1223	1066082	57	1.15
1224	1067868	45	1.15
1225	1070402	60	1.14
1226	1071909	61	1.14
1227	1072507	87	1.14
1228	1075850	65	1.14
1229	1076119	33	1.14
1230	1076434	36	1.14
1231	1078884	84	1.14
1232	1080066	202	1.14
1233	1081343	41	1.14
1234	1083373	64	1.14
1235	1084953	115	1.14
1236	1085132	39	1.14
1237	1085280	141	1.14
1238	1085539	86	1.14
1239	1085668	152	1.14
1240	1087540	38	1.14
1241	1088027	133	1.14
1242	1088263	45	1.14
1243	1088987	38	1.14
1244	1089814	127	1.14
1245	1090099	34	1.14
1246	1090157	52	1.14
1247	1090349	30	1.14
1248	1090912	41	1.14
1249	1091205	79	1.14
1250	1092473	43	1.14
1251	1093335	32	1.14
1252	1093795	32	1.14
1253	1095495	35	1.14
1254	1095594	30	1.14
1255	1096556	38	1.14
1256	1097736	40	1.14
1257	1098098	30	1.14
1258	1098995	30	1.14
1259	1099106	69	1.15
1260	1100598	38	1.14
1261	1101259	80	1.15
1262	1101606	132	1.15
1263	1102247	48	1.15
1264	1103292	74	1.15
1265	1105394	55	1.14
1266	1106609	45	1.14
1267	1107118	80	1.14
1268	1107786	128	1.14
1269	1107906	58	1.15
1270	1107928	128	1.15
1271	1108225	30	1.15
1272	1108408	31	1.15
1273	1108531	33	1.15
1274	1108853	32	1.15
1275	1108875	31	1.15
1276	1108989	67	1.15
1277	1110000	97	1.15
1278	1110829	34	1.15
1279	1111925	144	1.15
1280	1113603	217	1.15
1281	1113810	30	1.15
1282	1115870	33	1.15
1283	1117093	32	1.15
1284	1118760	50	1.15
1285	1118830	56	1.15
1286	1118963	32	1.15
1287	1120146	30	1.15
1288	1122580	33	1.15
1289	1122594	52	1.15
1290	1123319	163	1.15
1291	1125112	38	1.15
1292	1125267	32	1.15
1293	1127843	86	1.15
1294	1127880	37	1.15
1295	1128148	33	1.15
1296	1129652	72	1.15
1297	1130176	44	1.15
1298	1132084	50	1.15
1299	1132187	32	1.15
1300	1132811	53	1.15
1301	1133072	108	1.15
1302	1133521	74	1.15
1303	1136215	53	1.15
1304	1136625	31	1.15
1305	1136811	46	1.15
1306	1138183	68	1.15
1307	1138730	35	1.15
1308	1139747	32	1.15
1309	1139805	31	1.15
1310	1140812	37	1.15
1311	1141613	86	1.15
1312	1142155	34	1.15
1313	1144780	99	1.15
1314	1144935	51	1.15
1315	1145331	32	1.15
1316	1147124	75	1.15
1317	1147227	49	1.15
1318	1147341	174	1.15
1319	1149796	44	1.15
1320	1150356	32	1.15
1321	1150955	31	1.15
1322	1151867	45	1.15
1323	1152562	63	1.15
1324	1153111	41	1.15
1325	1153621	77	1.15
1326	1157826	63	1.15
1327	1158074	131	1.15
1328	1159089	314	1.15
1329	1159415	137	1.15
1330	1159674	30	1.15
1331	1160549	74	1.15
1332	1162828	97	1.15
1333	1166001	68	1.14
1334	1166508	92	1.14
1335	1167880	103	1.14
1336	1167902	47	1.14
1337	1170288	48	1.14
1338	1170472	58	1.14
1339	1170735	32	1.14
1340	1171340	33	1.14
1341	1171374	61	1.14
1342	1171987	180	1.15
1343	1172259	114	1.15
1344	1173553	62	1.15
1345	1173986	32	1.15
1346	1174029	37	1.15
1347	1176627	42	1.14
1348	1176926	65	1.15
1349	1177457	47	1.15
1350	1177691	73	1.15
1351	1178095	48	1.15
1352	1178824	52	1.15
1353	1178997	44	1.15
1354	1179035	43	1.15
1355	1182137	88	1.15
1356	1182992	39	1.15
1357	1183202	36	1.15
1358	1184243	103	1.15
1359	1184700	33	1.15
1360	1184756	37	1.15
1361	1185389	32	1.15
1362	1186531	48	1.15
1363	1189328	33	1.15
1364	1190185	165	1.15
1365	1190344	51	1.15
1366	1190795	31	1.15
1367	1191948	40	1.15
1368	1193058	39	1.15
1369	1194873	55	1.15
1370	1195599	33	1.15
1371	1197894	44	1.14
1372	1198429	50	1.14
1373	1200351	34	1.14
1374	1200458	93	1.14
1375	1201238	36	1.14
1376	1202362	92	1.14
1377	1203209	90	1.14
1378	1206130	56	1.14
1379	1207178	30	1.14
1380	1208733	35	1.14
1381	1209127	37	1.14
1382	1209650	64	1.14
1383	1211065	103	1.14
1384	1211615	51	1.14
1385	1213860	53	1.14
1386	1213987	82	1.14
1387	1214786	62	1.14
1388	1215424	314	1.14
1389	1215930	72	1.14
1390	1216082	37	1.14
1391	1218411	69	1.14
1392	1218740	73	1.14
1393	1220504	40	1.14
1394	1221186	84	1.14
1395	1221450	54	1.14
1396	1222478	32	1.14
1397	1223721	81	1.14
1398	1223756	39	1.14
1399	1224277	37	1.14
1400	1224629	127	1.14
1401	1224771	45	1.14
1402	1225574	60	1.14
1403	1226358	64	1.14
1404	1226800	69	1.14
1405	1226907	44	1.15
1406	1227246	38	1.15
1407	1227740	57	1.15
1408	1227975	115	1.15
1409	1229161	33	1.15
1410	1229229	74	1.15
1411	1229261	34	1.15
1412	1229480	70	1.15
1413	1230247	32	1.15
1414	1231381	31	1.15
1415	1232166	46	1.15
1416	1232943	66	1.15
1417	1234075	63	1.15
1418	1234668	54	1.15
1419	1234700	30	1.15
1420	1234797	37	1.15
1421	1235277	31	1.15
1422	1235420	64	1.15
1423	1235834	57	1.15
1424	1236495	90	1.15
1425	1236857	42	1.15
1426	1238673	89	1.15
1427	1240009	34	1.15
1428	1240409	41	1.15
1429	1241449	31	1.15
1430	1241684	35	1.15
1431	1241876	41	1.15
1432	1243494	47	1.15
1433	1244258	32	1.15
1434	1245165	203	1.15
1435	1245454	67	1.15
1436	1246187	39	1.15
1437	1247344	35	1.15
1438	1249177	43	1.15
1439	1250188	36	1.15
1440	1250781	37	1.15
1441	1250870	38	1.15
1442	1250964	72	1.15
1443	1251928	54	1.15
1444	1252905	32	1.15
1445	1253182	65	1.15
1446	1253390	43	1.15
1447	1254322	48	1.15
1448	1255416	40	1.15
1449	1255715	97	1.15
1450	1256336	49	1.15
1451	1257127	53	1.15
1452	1260473	60	1.15
1453	1260537	70	1.15
1454	1260560	35	1.15
1455	1260628	35	1.15
1456	1260774	33	1.15
1457	1263419	34	1.15
1458	1263648	61	1.15
1459	1264019	33	1.15
1460	1264302	56	1.15
1461	1264522	103	1.16
1462	1264560	32	1.16
1463	1264904	41	1.16
1464	1265173	39	1.16
1465	1265238	66	1.16
1466	1265567	42	1.16
1467	1268585	32	1.16
1468	1269750	45	1.16
1469	1269827	36	1.16
1470	1270159	123	1.16
1471	1271019	58	1.16
1472	1271927	147	1.16
1473	1272442	40	1.16
1474	1272881	137	1.16
1475	1273082	35	1.16
1476	1273726	52	1.16
1477	1274196	237	1.16
1478	1275255	48	1.16
1479	1275514	30	1.16
1480	1276966	39	1.16
1481	1277044	33	1.16
1482	1277105	102	1.16
1483	1279097	35	1.16
1484	1279302	48	1.16
1485	1280075	90	1.16
1486	1280947	79	1.16
1487	1281102	34	1.16
1488	1282383	30	1.16
1489	1282535	57	1.16
1490	1283704	39	1.16
1491	1284768	37	1.16
1492	1284931	44	1.16
1493	1285105	52	1.16
1494	1285801	30	1.16
1495	1286025	30	1.16
1496	1286139	125	1.16
1497	1287036	59	1.16
1498	1287126	32	1.16
1499	1288213	167	1.16
1500	1290558	130	1.16
1501	1290931	117	1.16
1502	1291719	30	1.16
1503	1291878	42	1.16
1504	1292077	178	1.16
1505	1293018	46	1.16
1506	1293887	30	1.16
1507	1295248	45	1.16
1508	1295711	71	1.16
1509	1296319	49	1.16
1510	1296823	76	1.16
1511	1297943	44	1.16
1512	1299365	97	1.16
1513	1300238	51	1.16
1514	1301842	36	1.16
1515	1303144	35	1.16
1516	1305223	60	1.16
1517	1310345	35	1.16
1518	1310615	87	1.16
1519	1310759	40	1.16
1520	1311729	207	1.16
1521	1312687	30	1.16
1522	1312846	50	1.16
1523	1314013	46	1.16
1524	1316475	55	1.16
1525	1317034	37	1.16
1526	1317305	35	1.16
1527	1317391	49	1.16
1528	1319280	88	1.16
1529	1319782	34	1.16
1530	1320005	69	1.16
1531	1321347	34	1.16
1532	1322226	33	1.16
1533	1322346	173	1.16
1534	1323109	130	1.16
1535	1323872	33	1.16
1536	1324202	84	1.16
1537	1326266	30	1.16
1538	1328885	64	1.16
1539	1329792	30	1.16
1540	1329940	81	1.16
1541	1330178	35	1.16
1542	1330644	42	1.16
1543	1330724	233	1.16
1544	1331056	133	1.16
1545	1331333	30	1.16
1546	1332955	39	1.16
1547	1333138	43	1.16
1548	1333187	70	1.16
1549	1334044	58	1.16
1550	1334327	35	1.16
1551	1335753	49	1.16
1552	1336096	111	1.16
1553	1336598	41	1.16
1554	1336629	42	1.16
1555	1336741	31	1.16
1556	1338224	78	1.16
1557	1339305	123	1.16
1558	1341684	64	1.16
1559	1341967	38	1.16
1560	1343005	30	1.16
1561	1343567	33	1.16
1562	1344140	38	1.16
1563	1346639	35	1.16
1564	1347582	112	1.16
1565	1347728	32	1.16
1566	1348371	177	1.16
1567	1348606	39	1.16
1568	1349882	39	1.16
1569	1350650	37	1.16
1570	1352265	36	1.16
1571	1353553	31	1.16
1572	1354611	96	1.16
1573	1354657	65	1.16
1574	1355563	131	1.16
1575	1357166	37	1.16
1576	1358710	44	1.16
1577	1359470	65	1.16
1578	1360277	102	1.16
1579	1360395	30	1.16
1580	1362249	32	1.16
1581	1362701	61	1.16
1582	1363018	49	1.16
1583	1363938	116	1.16
1584	1364600	38	1.16
1585	1365133	30	1.16
1586	1365232	156	1.16
1587	1365473	99	1.16
1588	1365586	103	1.16
1589	1366017	38	1.16
1590	1367415	32	1.16
1591	1368030	143	1.16
1592	1368673	34	1.16
1593	1369370	71	1.16
1594	1369709	53	1.16
1595	1370198	135	1.16
1596	1372431	36	1.16
1597	1373010	124	1.16
1598	1373679	96	1.16
1599	1375058	53	1.16
1600	1378060	43	1.16
1601	1378599	37	1.16
1602	1380399	37	1.16
1603	1381260	69	1.16
1604	1381522	59	1.16
1605	1382533	46	1.16
1606	1383389	30	1.16
1607	1385424	35	1.16
1608	1386392	38	1.16
1609	1388456	43	1.16
1610	1388734	36	1.16
1611	1392859	30	1.16
1612	1393262	40	1.16
1613	1393561	58	1.16
1614	1393632	47	1.16
1615	1395270	92	1.16
1616	1396857	35	1.16
1617	1397254	37	1.16
1618	1398093	32	1.16
1619	1398267	55	1.16
1620	1402822	30	1.15
1621	1403886	110	1.15
1622	1404117	112	1.16
1623	1404869	187	1.16
1624	1405251	42	1.16
1625	1405879	37	1.16
1626	1407236	33	1.16
1627	1409229	41	1.15
1628	1409360	41	1.16
1629	1409573	47	1.16
1630	1410784	33	1.16
1631	1411159	34	1.16
1632	1411948	46	1.16
1633	1413129	103	1.16
1634	1413885	49	1.16
1635	1414178	40	1.16
1636	1415034	53	1.16
1637	1416635	41	1.16
1638	1417931	43	1.16
1639	1418479	36	1.16
1640	1418497	35	1.16
1641	1422097	39	1.15
1642	1422913	129	1.15
1643	1423366	33	1.15
1644	1426590	53	1.15
1645	1427410	40	1.15
1646	1428028	38	1.15
1647	1428299	160	1.15
1648	1428382	31	1.15
1649	1429229	36	1.15
1650	1429645	47	1.15
1651	1429875	31	1.15
1652	1430274	32	1.16
1653	1431466	92	1.15
1654	1431629	37	1.16
1655	1431676	54	1.16
1656	1431912	51	1.16
1657	1432163	36	1.16
1658	1432382	158	1.16
1659	1435855	56	1.16
1660	1435907	41	1.16
1661	1436875	62	1.16
1662	1436962	76	1.16
1663	1437584	32	1.16
1664	1438504	315	1.16
1665	1439259	43	1.16
1666	1439595	44	1.16
1667	1439938	30	1.16
1668	1441675	130	1.16
1669	1443036	135	1.16
1670	1443662	43	1.16
1671	1444336	42	1.16
1672	1444669	48	1.16
1673	1444942	48	1.16
1674	1445038	32	1.16
1675	1446598	43	1.16
1676	1446876	33	1.16
1677	1447660	39	1.16
1678	1447735	118	1.16
1679	1448982	45	1.16
1680	1450084	66	1.16
1681	1450925	159	1.16
1682	1451243	111	1.16
1683	1451647	54	1.16
1684	1451759	153	1.16
1685	1452269	37	1.16
1686	1452504	43	1.16
1687	1453189	30	1.16
1688	1455057	54	1.16
1689	1455650	61	1.16
1690	1455908	34	1.16
1691	1455926	59	1.16
1692	1455991	44	1.16
1693	1456118	48	1.16
1694	1456537	30	1.16
1695	1456587	30	1.16
1696	1456615	47	1.16
1697	1456812	32	1.16
1698	1462395	108	1.16
1699	1464166	55	1.16
1700	1464429	39	1.16
1701	1464607	69	1.16
1702	1464679	59	1.16
1703	1464889	35	1.16
1704	1465289	84	1.16
1705	1465439	47	1.16
1706	1466048	123	1.16
1707	1466229	59	1.16
1708	1466282	46	1.16
1709	1466598	74	1.17
1710	1469641	34	1.16
1711	1470335	39	1.16
1712	1471084	31	1.16
1713	1471533	63	1.16
1714	1472300	195	1.16
1715	1473166	50	1.16
1716	1473441	63	1.16
1717	1474199	57	1.16
1718	1474247	78	1.17
1719	1474411	89	1.17
1720	1475412	80	1.17
1721	1476133	41	1.17
1722	1477358	38	1.17
1723	1477713	39	1.17
1724	1477792	59	1.17
1725	1478870	60	1.17
1726	1480403	111	1.17
1727	1481469	183	1.17
1728	1481738	59	1.17
1729	1481753	62	1.17
1730	1481897	80	1.17
1731	1482043	37	1.17
1732	1482319	32	1.17
1733	1484451	40	1.17
1734	1484730	39	1.17
1735	1485408	36	1.17
1736	1485825	34	1.17
1737	1486944	33	1.17
1738	1488663	48	1.17
1739	1488727	50	1.17
1740	1489555	38	1.17
1741	1489574	33	1.17
1742	1491161	47	1.17
1743	1491612	33	1.17
1744	1491681	120	1.17
1745	1492310	43	1.17
1746	1492532	73	1.17
1747	1493883	38	1.17
1748	1495343	44	1.17
1749	1496748	31	1.17
1750	1498193	36	1.17
1751	1498523	88	1.17
1752	1498844	40	1.17
1753	1499172	53	1.17
1754	1499638	42	1.17
1755	1499961	53	1.17
1756	1501203	53	1.17
1757	1502214	30	1.17
1758	1502415	67	1.17
1759	1502438	47	1.17
1760	1503476	38	1.17
1761	1504119	127	1.17
1762	1504474	45	1.17
1763	1504507	38	1.17
1764	1504576	59	1.17
1765	1504847	51	1.17
1766	1506270	32	1.17
1767	1506686	30	1.17
1768	1506848	98	1.17
1769	1507191	49	1.17
1770	1508197	30	1.17
1771	1509148	43	1.17
1772	1510237	41	1.17
1773	1511048	33	1.17
1774	1512137	35	1.17
1775	1513358	48	1.17
1776	1515809	150	1.17
1777	1515889	40	1.17
1778	1516319	46	1.17
1779	1516397	54	1.17
1780	1516631	125	1.17
1781	1516687	33	1.17
1782	1517031	32	1.17
1783	1518423	314	1.17
1784	1521485	74	1.17
1785	1522236	34	1.17
1786	1522709	75	1.17
1787	1523877	80	1.17
1788	1524012	43	1.17
1789	1524256	73	1.17
1790	1524493	163	1.17
1791	1524999	55	1.17
1792	1525067	166	1.18
1793	1526606	36	1.17
1794	1527414	143	1.17
1795	1527990	30	1.17
1796	1528152	38	1.18
1797	1530398	53	1.17
1798	1530627	64	1.17
1799	1532367	53	1.17
1800	1534660	67	1.17
1801	1535113	263	1.17
1802	1536058	86	1.17
1803	1536276	34	1.17
1804	1537494	30	1.17
1805	1537878	78	1.17
1806	1538305	55	1.17
1807	1538802	40	1.17
1808	1539051	35	1.17
1809	1539245	49	1.18
1810	1539438	31	1.18
1811	1539725	31	1.18
1812	1540027	47	1.18
1813	1540906	44	1.18
1814	1540989	100	1.18
1815	1542831	70	1.18
1816	1542847	40	1.18
1817	1544024	36	1.18
1818	1544054	31	1.18
1819	1544248	345	1.18
1820	1546221	40	1.18
1821	1546800	49	1.18
1822	1547701	53	1.18
1823	1547818	33	1.18
1824	1548360	45	1.18
1825	1548560	31	1.18
1826	1552277	34	1.18
1827	1552333	67	1.18
1828	1552821	91	1.18
1829	1553940	40	1.18
1830	1554649	33	1.18
1831	1555359	30	1.18
1832	1555477	55	1.18
1833	1556570	33	1.18
1834	1556970	48	1.18
1835	1557404	33	1.18
1836	1560264	33	1.18
1837	1560539	55	1.18
1838	1560999	69	1.18
1839	1566202	86	1.17
1840	1566542	47	1.17
1841	1566584	31	1.18
1842	1566645	33	1.18
1843	1567703	30	1.18
1844	1571804	32	1.17
1845	1571910	31	1.17
1846	1572638	96	1.17
1847	1572703	95	1.17
1848	1572842	161	1.17
1849	1574056	38	1.17
1850	1577879	34	1.17
1851	1578139	71	1.17
1852	1578863	96	1.17
1853	1579315	40	1.17
1854	1581311	42	1.17
1855	1581630	41	1.17
1856	1582683	32	1.17
1857	1582823	49	1.17
1858	1582993	30	1.17
1859	1583041	38	1.17
1860	1584015	133	1.17
1861	1584065	66	1.17
1862	1584400	150	1.18
1863	1584850	79	1.18
1864	1585243	68	1.18
1865	1586602	111	1.18
1866	1587010	73	1.18
1867	1587054	123	1.18
1868	1587234	103	1.18
1869	1590361	32	1.18
1870	1591324	38	1.18
1871	1592029	33	1.18
1872	1592609	37	1.18
1873	1593237	48	1.18
1874	1595566	178	1.17
1875	1597206	31	1.17
1876	1597984	64	1.17
1877	1598189	47	1.17
1878	1599927	250	1.17
1879	1600088	36	1.17
1880	1600369	74	1.17
1881	1601164	115	1.17
1882	1603177	35	1.17
1883	1603641	41	1.17
1884	1604170	55	1.17
1885	1604458	45	1.17
1886	1607159	47	1.17
1887	1608976	99	1.17
1888	1610046	30	1.17
1889	1610265	42	1.17
1890	1610370	92	1.17
1891	1610597	151	1.17
1892	1611529	48	1.17
1893	1613788	39	1.17
1894	1614344	134	1.17
1895	1614464	33	1.17
1896	1614774	50	1.17
1897	1616212	102	1.17
1898	1617615	31	1.17
1899	1618132	33	1.17
1900	1619557	217	1.17
1901	1622590	47	1.17
1902	1623788	37	1.17
1903	1624718	48	1.17
1904	1626696	35	1.17
1905	1627021	50	1.17
1906	1627671	40	1.17
1907	1629215	78	1.17
1908	1629480	52	1.17
1909	1630036	43	1.17
1910	1630531	37	1.17
1911	1631321	46	1.17
1912	1631374	30	1.17
1913	1631899	87	1.17
1914	1632232	64	1.17
1915	1633127	36	1.17
1916	1633428	32	1.17
1917	1633780	61	1.17
1918	1634206	69	1.17
1919	1635547	35	1.17
1920	1636158	38	1.17
1921	1636346	36	1.17
1922	1636821	64	1.17
1923	1636892	32	1.17
1924	1636991	71	1.18
1925	1638874	41	1.17
1926	1639256	46	1.17
1927	1639558	56	1.18
1928	1639736	33	1.18
1929	1640272	39	1.18
1930	1641267	52	1.18
1931	1642076	36	1.18
1932	1642097	45	1.18
1933	1642656	52	1.18
1934	1643409	39	1.18
1935	1644307	30	1.18
1936	1644468	39	1.18
1937	1644679	31	1.18
1938	1646135	45	1.18
1939	1646308	30	1.18
1940	1647703	42	1.18
1941	1650124	160	1.18
1942	1650393	38	1.18
1943	1650812	35	1.18
1944	1653281	53	1.18
1945	1653829	67	1.18
1946	1654891	38	1.18
1947	1655347	30	1.18
1948	1656211	104	1.18
1949	1657454	31	1.18
1950	1658787	31	1.18
1951	1660094	35	1.18
1952	1661559	45	1.17
1953	1662733	41	1.17
1954	1663157	38	1.17
1955	1664901	30	1.17
1956	1666600	38	1.17
1957	1667176	81	1.17
1958	1669685	60	1.17
1959	1670871	30	1.17
1960	1672454	74	1.17
1961	1673548	43	1.17
1962	1676197	43	1.17
1963	1676834	34	1.17
1964	1677018	44	1.17
1965	1677951	40	1.17
1966	1680488	42	1.17
1967	1680669	36	1.17
1968	1680781	285	1.17
1969	1680929	36	1.17
1970	1680987	32	1.17
1971	1682581	58	1.17
1972	1685488	30	1.17
1973	1688879	129	1.17
1974	1688927	41	1.17
1975	1689682	184	1.17
1976	1693830	48	1.17
1977	1694942	40	1.17
1978	1695063	56	1.17
1979	1696723	52	1.17
1980	1697548	31	1.17
1981	1698240	39	1.17
1982	1699834	98	1.17
1983	1701066	34	1.17
1984	1701161	177	1.17
1985	1701474	69	1.17
1986	1701544	126	1.17
1987	1702022	51	1.17
1988	1702083	49	1.17
1989	1704053	223	1.17
1990	1704806	43	1.17
1991	1705341	50	1.17
1992	1706065	47	1.17
1993	1706230	41	1.17
1994	1706513	37	1.17
1995	1707042	39	1.17
1996	1707923	35	1.17
1997	1709239	78	1.17
1998	1712024	47	1.17
1999	1712051	54	1.17
2000	1712508	140	1.17
2001	1713617	30	1.17
2002	1714038	37	1.17
2003	1715246	33	1.17
2004	1717130	115	1.17
2005	1717405	107	1.17
2006	1717896	137	1.17
2007	1718873	37	1.17
2008	1719271	60	1.17
2009	1719718	35	1.17
2010	1720563	31	1.17
2011	1722435	36	1.17
2012	1724232	40	1.17
2013	1724360	47	1.17
2014	1725972	31	1.17
2015	1726667	35	1.17
2016	1728633	62	1.17
2017	1730236	35	1.17
2018	1731931	61	1.17
2019	1732142	35	1.17
2020	1732466	145	1.17
2021	1732942	74	1.17
2022	1733116	44	1.17
2023	1734271	47	1.17
2024	1734965	35	1.17
2025	1735002	38	1.17
2026	1735216	265	1.17
2027	1735577	43	1.17
2028	1735964	32	1.17
2029	1736509	38	1.17
2030	1737412	70	1.17
2031	1738748	49	1.17
2032	1738828	46	1.17
2033	1738874	48	1.17
2034	1739187	32	1.17
2035	1740772	34	1.17
2036	1741675	47	1.17
2037	1744153	87	1.17
2038	1744413	61	1.17
2039	1744869	38	1.17
2040	1751979	155	1.16
2041	1752668	106	1.16
2042	1752716	46	1.17
2043	1753925	31	1.16
2044	1754904	100	1.16
2045	1756209	302	1.16
2046	1756403	117	1.16
2047	1758769	110	1.16
2048	1759960	49	1.16
2049	1761136	30	1.16
2050	1762186	40	1.16
2051	1763284	67	1.16
2052	1764661	50	1.16
2053	1765182	60	1.16
2054	1766220	30	1.16
2055	1766401	48	1.16
2056	1769264	93	1.16
2057	1769569	32	1.16
2058	1770667	39	1.16
2059	1771886	94	1.16
2060	1772574	39	1.16
2061	1773421	151	1.16
2062	1773455	42	1.16
2063	1773506	32	1.16
2064	1774277	198	1.16
2065	1775347	57	1.16
2066	1777598	33	1.16
2067	1778238	34	1.16
2068	1780022	45	1.16
2069	1780551	33	1.16
2070	1780975	36	1.16
2071	1781349	34	1.16
2072	1782324	53	1.16
2073	1782837	38	1.16
2074	1783865	58	1.16
2075	1784218	48	1.16
2076	1787495	39	1.16
2077	1787515	61	1.16
2078	1788157	58	1.16
2079	1788572	130	1.16
2080	1789981	33	1.16
2081	1790484	38	1.16
2082	1792077	31	1.16
2083	1792475	40	1.16
2084	1793364	88	1.16
2085	1794182	38	1.16
2086	1794583	145	1.16
2087	1795238	36	1.16
2088	1798177	33	1.16
2089	1799292	30	1.16
2090	1799920	58	1.16
2091	1805979	43	1.16
2092	1806401	35	1.16
2093	1806846	46	1.16
2094	1808416	47	1.16
2095	1809345	45	1.16
2096	1811144	144	1.16
2097	1811413	56	1.16
2098	1811920	59	1.16
2099	1812240	64	1.16
2100	1812440	147	1.16
2101	1812524	42	1.16
2102	1812799	42	1.16
2103	1814487	49	1.16
2104	1815447	30	1.16
2105	1815478	30	1.16
2106	1815651	49	1.16
2107	1816120	31	1.16
2108	1817469	34	1.16
2109	1817919	57	1.16
2110	1818178	50	1.16
2111	1819797	55	1.16
2112	1821762	92	1.16
2113	1822850	59	1.16
2114	1822899	69	1.16
2115	1823898	32	1.16
2116	1825154	42	1.16
2117	1825255	39	1.16
2118	1826391	81	1.16
2119	1826680	35	1.16
2120	1826980	71	1.16
2121	1827140	127	1.16
2122	1827539	80	1.16
2123	1828607	35	1.16
2124	1830514	40	1.16
2125	1832150	34	1.16
2126	1834397	74	1.16
2127	1834967	38	1.16
2128	1835758	38	1.16
2129	1836040	31	1.16
2130	1836793	57	1.16
2131	1838635	35	1.16
2132	1839011	78	1.16
2133	1839342	33	1.16
2134	1840122	53	1.16
2135	1842093	51	1.16
2136	1842290	54	1.16
2137	1842307	58	1.16
2138	1844125	35	1.16
2139	1845703	36	1.16
2140	1846338	36	1.16
2141	1847213	45	1.16
2142	1847263	59	1.16
2143	1847931	75	1.16
2144	1848609	54	1.16
2145	1848719	44	1.16
2146	1850940	73	1.16
2147	1851536	39	1.16
2148	1852068	95	1.16
2149	1853641	68	1.16
2150	1853736	90	1.16
2151	1854255	130	1.16
2152	1854403	101	1.16
2153	1854747	35	1.16
2154	1854874	63	1.16
2155	1856276	58	1.16
2156	1857798	65	1.16
2157	1858932	84	1.16
2158	1859687	64	1.16
2159	1859855	97	1.16
2160	1860561	109	1.16
2161	1860744	47	1.16
2162	1863605	98	1.16
2163	1865570	35	1.16
2164	1868272	69	1.16
2165	1870183	125	1.16
2166	1872009	78	1.16
2167	1873109	43	1.16
2168	1873171	47	1.16
2169	1873320	30	1.16
2170	1873774	73	1.16
2171	1874049	35	1.16
2172	1874556	50	1.16
2173	1875837	58	1.16
2174	1877483	89	1.16
2175	1879342	40	1.16
2176	1880685	136	1.16
2177	1881958	82	1.16
2178	1882301	32	1.16
2179	1882448	199	1.16
2180	1882736	40	1.16
2181	1883409	56	1.16
2182	1883659	185	1.16
2183	1884640	30	1.16
2184	1885980	45	1.16
2185	1887388	33	1.16
2186	1890748	121	1.16
2187	1890930	167	1.16
2188	1891001	31	1.16
2189	1892154	30	1.16
2190	1892236	31	1.16
2191	1892936	50	1.16
2192	1893959	48	1.16
2193	1894179	44	1.16
2194	1895033	42	1.16
2195	1895258	35	1.16
2196	1895486	49	1.16
2197	1895568	140	1.16
2198	1896467	34	1.16
2199	1897059	50	1.16
2200	1897723	31	1.16
2201	1898070	130	1.16
2202	1898473	30	1.16
2203	1899048	38	1.16
2204	1899958	122	1.16
2205	1902391	52	1.16
2206	1903054	43	1.16
2207	1903205	90	1.16
2208	1903683	43	1.16
2209	1904320	35	1.16
2210	1906961	38	1.16
2211	1908186	32	1.16
2212	1909853	35	1.16
2213	1910139	45	1.16
2214	1910482	36	1.16
2215	1911022	279	1.16
2216	1911074	51	1.16
2217	1912646	46	1.16
2218	1912743	55	1.16
2219	1912875	145	1.16
2220	1913220	51	1.16
2221	1915605	119	1.16
2222	1915751	39	1.16
2223	1915919	40	1.16
2224	1916418	38	1.16
2225	1918918	59	1.16
2226	1919685	293	1.16
2227	1921428	54	1.16
2228	1922265	31	1.16
2229	1922644	51	1.16
2230	1923136	47	1.16
2231	1924592	32	1.16
2232	1924914	64	1.16
2233	1925538	127	1.16
2234	1925868	195	1.16
2235	1926000	31	1.16
2236	1927370	30	1.16
2237	1928414	30	1.16
2238	1930443	40	1.16
2239	1931634	70	1.16
2240	1931987	50	1.16
2241	1932344	36	1.16
2242	1933566	38	1.16
2243	1934086	144	1.16
2244	1935628	52	1.16
2245	1936645	32	1.16
2246	1937546	195	1.16
2247	1937587	62	1.16
2248	1938563	37	1.16
2249	1939060	46	1.16
2250	1939539	46	1.16
2251	1939563	54	1.16
2252	1940133	34	1.16
2253	1940763	80	1.16
2254	1941048	54	1.16
2255	1943045	31	1.16
2256	1943204	47	1.16
2257	1943671	101	1.16
2258	1944814	41	1.16
2259	1947308	30	1.16
2260	1947659	57	1.16
2261	1948572	142	1.16
2262	1949059	58	1.16
2263	1949395	39	1.16
2264	1951420	44	1.16
2265	1951612	48	1.16
2266	1953713	85	1.16
2267	1954128	30	1.16
2268	1954507	38	1.16
2269	1957407	53	1.16
2270	1957940	48	1.16
2271	1960069	72	1.16
2272	1960744	57	1.16
2273	1961848	135	1.16
2274	1962952	42	1.16
2275	1963226	219	1.16
2276	1963648	63	1.16
2277	1963682	31	1.16
2278	1964267	124	1.16
2279	1965546	43	1.16
2280	1965803	91	1.16
2281	1965968	36	1.16
2282	1966787	71	1.16
2283	1967524	51	1.16
2284	1967916	90	1.16
2285	1969604	76	1.16
2286	1970488	38	1.16
2287	1971664	50	1.16
2288	1972639	36	1.16
2289	1973363	63	1.16
2290	1976161	46	1.16
2291	1976448	42	1.16
2292	1980955	39	1.16
2293	1982068	70	1.16
2294	1982121	44	1.16
2295	1982323	70	1.16
2296	1982825	44	1.16
2297	1983342	34	1.16
2298	1983650	49	1.16
2299	1984543	32	1.16
2300	1984939	30	1.16
2301	1985155	45	1.16
2302	1986233	71	1.16
2303	1986492	105	1.16
2304	1987297	38	1.16
2305	1988249	34	1.16
2306	1988321	30	1.16
2307	1988663	166	1.16
2308	1988691	30	1.16
2309	1988731	48	1.16
2310	1989196	76	1.16
2311	1989472	88	1.16
2312	1990304	75	1.16
2313	1990364	64	1.16
2314	1991515	51	1.16
2315	1991844	39	1.16
2316	1992175	44	1.16
2317	1992568	45	1.16
2318	1992750	33	1.16
2319	1993065	41	1.16
2320	1993191	32	1.16
2321	1994629	65	1.16
2322	1996079	37	1.16
2323	1997053	31	1.16
2324	1998592	240	1.16
2325	1998724	69	1.16
2326	2000277	37	1.16
2327	2002411	43	1.16
2328	2003236	36	1.16
2329	2003630	32	1.16
2330	2006255	136	1.16
2331	2009927	31	1.16
2332	2015243	32	1.16
2333	2015572	58	1.16
2334	2016336	61	1.16
2335	2016546	75	1.16
2336	2020432	37	1.16
2337	2020483	168	1.16
2338	2020613	56	1.16
2339	2020814	105	1.16
2340	2021179	32	1.16
2341	2021322	30	1.16
2342	2021726	104	1.16
2343	2023004	35	1.16
2344	2024677	33	1.16
2345	2026016	39	1.16
2346	2026809	31	1.16
2347	2027784	83	1.16
2348	2028689	47	1.16
2349	2029218	33	1.16
2350	2030739	42	1.16
2351	2030875	52	1.16
2352	2032032	58	1.16
2353	2033976	31	1.16
2354	2034469	34	1.16
2355	2035800	58	1.16
2356	2036009	212	1.16
2357	2036933	33	1.16
2358	2037251	79	1.16
2359	2038758	33	1.16
2360	2039690	47	1.16
2361	2040401	39	1.16
2362	2043234	79	1.16
2363	2043269	58	1.16
2364	2043306	71	1.16
2365	2044712	42	1.16
2366	2046295	66	1.16
2367	2046340	151	1.16
2368	2047689	73	1.16
2369	2047921	30	1.16
2370	2048210	262	1.16
2371	2049273	72	1.16
2372	2049405	51	1.16
2373	2049938	56	1.16
2374	2050300	35	1.16
2375	2051707	54	1.16
2376	2052546	67	1.16
2377	2053464	52	1.16
2378	2053576	83	1.16
2379	2053743	273	1.16
2380	2053917	135	1.16
2381	2054096	34	1.16
2382	2054654	35	1.16
2383	2054675	88	1.16
2384	2054981	79	1.16
2385	2056489	68	1.16
2386	2056775	48	1.16
2387	2057553	176	1.16
2388	2057825	81	1.16
2389	2058606	72	1.16
2390	2060003	50	1.16
2391	2060245	45	1.16
2392	2063508	83	1.16
2393	2064671	33	1.16
2394	2064956	128	1.16
2395	2065059	84	1.16
2396	2066029	33	1.16
2397	2066144	46	1.16
2398	2066360	97	1.16
2399	2066641	114	1.16
2400	2066656	38	1.16
2401	2070301	52	1.16
2402	2072603	44	1.16
2403	2073725	46	1.16
2404	2074693	33	1.16
2405	2074913	42	1.16
2406	2076148	48	1.16
2407	2078314	68	1.16
2408	2079622	41	1.16
2409	2080255	39	1.16
2410	2080418	32	1.16
2411	2083257	162	1.16
2412	2084316	115	1.16
2413	2085047	30	1.16
2414	2086186	48	1.16
2415	2086464	217	1.16
2416	2087204	32	1.16
2417	2088075	35	1.16
2418	2089855	31	1.16
2419	2089985	48	1.16
2420	2094171	90	1.16
2421	2094430	38	1.16
2422	2096200	82	1.16
2423	2097759	63	1.16
2424	2097811	34	1.16
2425	2098385	77	1.16
2426	2100939	44	1.15
2427	2101759	31	1.15
2428	2103305	76	1.15
2429	2104552	33	1.15
2430	2105608	36	1.15
2431	2105727	41	1.15
2432	2106811	36	1.15
2433	2107885	37	1.15
2434	2108302	34	1.15
2435	2109188	44	1.15
2436	2110616	49	1.15
2437	2111235	83	1.15
2438	2116615	36	1.15
2439	2117955	72	1.15
2440	2119402	113	1.15
2441	2122155	55	1.15
2442	2122695	37	1.15
2443	2123086	79	1.15
2444	2124862	80	1.15
2445	2125541	39	1.15
2446	2126417	109	1.15
2447	2126916	109	1.15
2448	2126937	57	1.15
2449	2128105	97	1.15
2450	2128969	45	1.15
2451	2129091	38	1.15
2452	2131552	68	1.15
2453	2133288	54	1.15
2454	2133645	55	1.15
2455	2133993	48	1.15
2456	2134182	55	1.15
2457	2136559	32	1.15
2458	2137298	39	1.15
2459	2138317	42	1.15
2460	2139423	40	1.15
2461	2139651	103	1.15
2462	2139890	33	1.15
2463	2140176	44	1.15
2464	2140302	57	1.15
2465	2142061	32	1.15
2466	2142207	57	1.15
2467	2143211	213	1.15
2468	2144480	30	1.15
2469	2144689	68	1.15
2470	2144965	32	1.15
2471	2145010	40	1.15
2472	2145146	31	1.15
2473	2145280	32	1.15
2474	2145389	37	1.15
2475	2145859	31	1.15
2476	2147638	119	1.15
2477	2147721	40	1.15
2478	2148004	32	1.15
2479	2148034	32	1.15
2480	2149144	47	1.15
2481	2150404	85	1.15
2482	2151480	35	1.15
2483	2153545	111	1.15
2484	2154054	55	1.15
2485	2156403	37	1.15
2486	2156602	86	1.15
2487	2156894	31	1.15
2488	2158014	32	1.15
2489	2158430	78	1.15
2490	2158713	46	1.15
2491	2158969	68	1.15
2492	2160292	219	1.15
2493	2161593	54	1.15
2494	2161678	88	1.15
2495	2161888	32	1.15
2496	2162115	53	1.15
2497	2166657	53	1.15
2498	2167278	60	1.15
2499	2167501	37	1.15
2500	2167604	36	1.15
2501	2167775	40	1.15
2502	2168095	69	1.15
2503	2168847	40	1.15
2504	2169083	43	1.15
2505	2170473	76	1.15
2506	2172558	80	1.15
2507	2175107	39	1.15
2508	2176647	31	1.15
2509	2177496	122	1.15
2510	2179615	153	1.15
2511	2180732	42	1.15
2512	2180964	117	1.15
2513	2181594	40	1.15
2514	2182121	140	1.15
2515	2184001	75	1.15
2516	2184842	56	1.15
2517	2185326	35	1.15
2518	2185730	34	1.15
2519	2186060	30	1.15
2520	2186854	59	1.15
2521	2187074	50	1.15
2522	2187761	45	1.15
2523	2188568	43	1.15
2524	2188773	50	1.15
2525	2188923	36	1.15
2526	2189425	30	1.15
2527	2190234	31	1.15
2528	2191999	63	1.15
2529	2192732	33	1.15
2530	2194816	38	1.15
2531	2195557	42	1.15
2532	2195738	41	1.15
2533	2196959	42	1.15
2534	2197787	31	1.15
2535	2198012	55	1.15
2536	2198563	67	1.15
2537	2198592	118	1.15
2538	2199170	100	1.15
2539	2199554	55	1.15
2540	2200374	68	1.15
2541	2200393	76	1.15
2542	2201973	114	1.15
2543	2204027	48	1.15
2544	2204276	46	1.15
2545	2205097	53	1.15
2546	2206919	42	1.15
2547	2208287	228	1.15
2548	2210791	48	1.15
2549	2213190	30	1.15
2550	2214051	69	1.15
2551	2215608	51	1.15
2552	2215643	42	1.15
2553	2216804	166	1.15
2554	2216924	402	1.15
2555	2218050	32	1.15
2556	2218236	144	1.15
2557	2219583	34	1.15
2558	2219930	93	1.15
2559	2220343	104	1.15
2560	2220690	250	1.15
2561	2221523	30	1.15
2562	2222458	33	1.15
2563	2224180	128	1.15
2564	2229966	84	1.15
2565	2230146	32	1.15
2566	2233012	56	1.15
2567	2233973	48	1.15
2568	2234397	130	1.15
2569	2234828	32	1.15
2570	2237698	76	1.15
2571	2238015	44	1.15
2572	2238781	230	1.15
2573	2238942	47	1.15
2574	2239880	32	1.15
2575	2241105	185	1.15
2576	2242148	169	1.15
2577	2244111	74	1.15
2578	2246543	30	1.15
2579	2246771	36	1.15
2580	2248707	92	1.15
2581	2249106	35	1.15
2582	2250927	39	1.15
2583	2252035	75	1.15
2584	2252691	47	1.15
2585	2253057	33	1.15
2586	2255079	43	1.15
2587	2255170	45	1.15
2588	2255210	76	1.15
2589	2256361	38	1.15
2590	2256414	59	1.15
2591	2256997	80	1.15
2592	2257666	58	1.15
2593	2258986	37	1.15
2594	2259283	39	1.15
2595	2259660	36	1.15
2596	2260611	39	1.15
2597	2261688	101	1.15
2598	2263146	45	1.15
2599	2263805	37	1.15
2600	2264678	39	1.15
2601	2265232	40	1.15
2602	2265425	30	1.15
2603	2266402	76	1.15
2604	2267097	40	1.15
2605	2268503	78	1.15
2606	2268811	121	1.15
2607	2268953	42	1.15
2608	2269109	32	1.15
2609	2269134	46	1.15
2610	2269366	44	1.15
2611	2269620	57	1.15
2612	2269766	71	1.15
2613	2270863	41	1.15
2614	2271179	34	1.15
2615	2271471	69	1.15
2616	2272121	36	1.15
2617	2272501	56	1.15
2618	2272576	131	1.15
2619	2273273	39	1.15
2620	2274760	68	1.15
2621	2275258	30	1.15
2622	2275730	43	1.15
2623	2276079	68	1.15
2624	2276195	45	1.15
2625	2276460	41	1.15
2626	2279515	40	1.15
2627	2280543	35	1.15
2628	2281087	39	1.15
2629	2282148	62	1.15
2630	2282375	41	1.15
2631	2282463	115	1.15
2632	2283208	32	1.15
2633	2286188	40	1.15
2634	2287311	80	1.15
2635	2288289	108	1.15
2636	2288699	209	1.15
2637	2288756	30	1.15
2638	2289486	62	1.15
2639	2290184	52	1.15
2640	2290513	33	1.15
2641	2291478	80	1.15
2642	2291797	39	1.15
2643	2292108	32	1.15
2644	2292787	54	1.15
2645	2293287	124	1.15
2646	2293355	124	1.15
2647	2293518	65	1.15
2648	2293666	77	1.15
2649	2294011	134	1.15
2650	2294890	60	1.15
2651	2295621	115	1.15
2652	2296098	33	1.16
2653	2296274	74	1.16
2654	2297755	35	1.16
2655	2298204	128	1.16
2656	2298754	37	1.16
2657	2299894	41	1.16
2658	2301539	117	1.15
2659	2304474	96	1.15
2660	2306004	33	1.15
2661	2306086	31	1.15
2662	2306298	150	1.15
2663	2307819	31	1.15
2664	2308053	39	1.15
2665	2308320	31	1.15
2666	2309225	146	1.15
2667	2309900	35	1.15
2668	2310903	33	1.15
2669	2311313	109	1.15
2670	2311697	33	1.15
2671	2312074	31	1.16
2672	2315887	59	1.15
2673	2317544	100	1.15
2674	2318185	77	1.15
2675	2319699	96	1.15
2676	2319754	119	1.15
2677	2320986	36	1.15
2678	2321422	165	1.15
2679	2321445	50	1.15
2680	2321852	70	1.15
2681	2322190	41	1.15
2682	2322208	108	1.15
2683	2322276	111	1.16
2684	2323702	161	1.16
2685	2324304	61	1.16
2686	2325554	64	1.15
2687	2326006	38	1.16
2688	2326061	52	1.16
2689	2326390	118	1.16
2690	2326552	47	1.16
2691	2326790	52	1.16
2692	2327692	33	1.16
2693	2327847	32	1.16
2694	2328019	51	1.16
2695	2328973	72	1.16
2696	2331137	55	1.16
2697	2331601	47	1.16
2698	2331832	47	1.16
2699	2334267	44	1.16
2700	2334304	67	1.16
2701	2335051	43	1.16
2702	2336582	277	1.16
2703	2336842	33	1.16
2704	2341810	50	1.15
2705	2342333	45	1.15
2706	2343174	37	1.15
2707	2345633	33	1.15
2708	2347349	34	1.15
2709	2348560	38	1.15
2710	2348897	40	1.15
2711	2350639	36	1.15
2712	2350933	32	1.15
2713	2351666	36	1.15
2714	2351737	32	1.15
2715	2356492	63	1.15
2716	2357087	47	1.15
2717	2357230	76	1.15
2718	2357253	31	1.15
2719	2358049	50	1.15
2720	2358184	39	1.15
2721	2360146	40	1.15
2722	2360634	258	1.15
2723	2361601	35	1.15
2724	2361772	84	1.15
2725	2363230	104	1.15
2726	2363377	37	1.15
2727	2365326	67	1.15
2728	2365946	35	1.15
2729	2366629	43	1.15
2730	2367676	35	1.15
2731	2368065	37	1.15
2732	2368809	34	1.15
2733	2369311	30	1.15
2734	2370124	146	1.15
2735	2371787	81	1.15
2736	2371827	33	1.15
2737	2373410	37	1.15
2738	2374497	57	1.15
2739	2377197	40	1.15
2740	2377266	73	1.15
2741	2377556	41	1.15
2742	2379973	64	1.15
2743	2380764	54	1.15
2744	2381913	100	1.15
2745	2383129	58	1.15
2746	2383573	72	1.15
2747	2385943	40	1.15
2748	2386432	41	1.15
2749	2388447	30	1.15
2750	2388638	33	1.15
2751	2389056	36	1.15
2752	2389404	45	1.15
2753	2390499	130	1.15
2754	2391650	79	1.15
2755	2391877	61	1.15
2756	2393144	142	1.15
2757	2393417	124	1.15
2758	2393849	105	1.15
2759	2395149	31	1.15
2760	2395175	65	1.15
2761	2395275	46	1.15
2762	2395602	137	1.15
2763	2397713	48	1.15
2764	2398181	137	1.15
2765	2399617	37	1.15
2766	2400146	33	1.15
2767	2402507	54	1.15
2768	2403180	36	1.15
2769	2404456	33	1.15
2770	2404599	50	1.15
2771	2405595	45	1.15
2772	2406157	50	1.15
2773	2407051	32	1.15
2774	2407594	49	1.15
2775	2407754	37	1.15
2776	2408557	32	1.15
2777	2409133	40	1.15
2778	2409261	30	1.15
2779	2411338	52	1.15
2780	2411895	31	1.15
2781	2412556	39	1.15
2782	2412706	84	1.15
2783	2412915	105	1.15
2784	2414785	53	1.15
2785	2415524	74	1.15
2786	2416157	39	1.15
2787	2416678	133	1.15
2788	2417391	59	1.15
2789	2417965	52	1.15
2790	2418087	35	1.15
2791	2420239	58	1.15
2792	2420968	30	1.15
2793	2421383	102	1.15
2794	2421806	40	1.15
2795	2422619	30	1.15
2796	2425396	40	1.15
2797	2425973	37	1.15
2798	2428159	67	1.15
2799	2429017	30	1.15
2800	2429540	75	1.15
2801	2431434	185	1.15
2802	2433634	36	1.15
2803	2434806	159	1.15
2804	2435697	68	1.15
2805	2436829	37	1.15
2806	2437289	85	1.15
2807	2441446	39	1.15
2808	2441695	32	1.15
2809	2442461	102	1.15
2810	2442890	39	1.15
2811	2443625	55	1.15
2812	2444071	42	1.15
2813	2444736	45	1.15
2814	2448822	48	1.15
2815	2449424	37	1.15
2816	2449608	30	1.15
2817	2451846	129	1.15
2818	2452328	173	1.15
2819	2455241	109	1.15
2820	2455510	34	1.15
2821	2456868	78	1.15
2822	2457830	38	1.15
2823	2460651	32	1.15
2824	2462926	44	1.15
2825	2464620	56	1.15
2826	2465651	85	1.15
2827	2465783	32	1.15
2828	2466188	44	1.15
2829	2466262	74	1.15
2830	2467108	33	1.15
2831	2467305	43	1.15
2832	2468274	42	1.15
2833	2468439	32	1.15
2834	2470180	77	1.15
2835	2470299	70	1.15
2836	2470722	37	1.15
2837	2470796	108	1.15
2838	2471106	31	1.15
2839	2471609	33	1.15
2840	2472075	61	1.15
2841	2472341	36	1.15
2842	2472762	62	1.15
2843	2475026	33	1.15
2844	2477691	50	1.15
2845	2478141	35	1.15
2846	2478176	56	1.15
2847	2478867	35	1.15
2848	2479480	39	1.15
2849	2479612	109	1.15
2850	2482779	33	1.15
2851	2483029	166	1.15
2852	2483368	42	1.15
2853	2483522	32	1.15
2854	2485256	33	1.15
2855	2487073	33	1.15
2856	2487905	48	1.15
2857	2488512	102	1.15
2858	2490497	137	1.15
2859	2490798	30	1.15
2860	2490960	189	1.15
2861	2491974	97	1.15
2862	2492014	33	1.15
2863	2492212	33	1.15
2864	2493249	242	1.15
2865	2493905	30	1.15
2866	2495954	161	1.15
2867	2496440	104	1.15
2868	2496603	60	1.15
2869	2497055	30	1.15
2870	2497230	120	1.15
2871	2498296	117	1.15
2872	2498688	37	1.15
2873	2499137	74	1.15
2874	2499928	63	1.15
2875	2502115	31	1.15
2876	2505016	37	1.15
2877	2505651	49	1.15
2878	2506080	109	1.15
2879	2506539	43	1.15
2880	2506783	51	1.15
2881	2507775	57	1.15
2882	2509358	116	1.15
2883	2511118	31	1.15
2884	2511250	40	1.15
2885	2511395	65	1.15
2886	2511951	48	1.15
2887	2512031	177	1.15
2888	2513155	53	1.15
2889	2513851	36	1.15
2890	2514743	150	1.15
2891	2515059	40	1.15
2892	2515164	86	1.15
2893	2517593	67	1.15
2894	2520488	59	1.15
2895	2521005	65	1.15
2896	2521452	62	1.15
2897	2522758	113	1.15
2898	2523276	46	1.15
2899	2523638	98	1.15
2900	2525637	133	1.15
2901	2528019	53	1.15
2902	2529927	65	1.15
2903	2530289	31	1.15
2904	2532490	42	1.15
2905	2533792	30	1.15
2906	2534312	45	1.15
2907	2535405	129	1.15
2908	2537069	33	1.15
2909	2537287	31	1.15
2910	2537810	32	1.15
2911	2541356	75	1.15
2912	2542053	114	1.15
2913	2542476	33	1.15
2914	2544621	31	1.15
2915	2545236	68	1.15
2916	2545470	74	1.15
2917	2546307	114	1.15
2918	2546556	34	1.15
2919	2546645	77	1.15
2920	2547881	64	1.15
2921	2548150	127	1.15
2922	2552720	37	1.14
2923	2553913	125	1.14
2924	2554502	36	1.14
2925	2554565	30	1.15
2926	2555019	79	1.15
2927	2555966	40	1.15
2928	2557614	41	1.14
2929	2559171	69	1.14
2930	2559461	72	1.14
2931	2560112	39	1.14
2932	2560179	54	1.15
2933	2561576	40	1.14
2934	2562203	52	1.15
2935	2563834	63	1.14
2936	2564195	88	1.14
2937	2564361	30	1.15
2938	2564934	45	1.15
2939	2565547	33	1.15
2940	2566062	94	1.15
2941	2566125	31	1.15
2942	2566655	66	1.15
2943	2566732	36	1.15
2944	2566948	32	1.15
2945	2567955	38	1.15
2946	2569415	43	1.15
2947	2569501	34	1.15
2948	2570682	48	1.15
2949	2570882	30	1.15
2950	2571074	111	1.15
2951	2571873	57	1.15
2952	2572946	36	1.15
2953	2573706	96	1.15
2954	2574558	46	1.15
2955	2574995	164	1.15
2956	2575155	141	1.15
2957	2576934	64	1.15
2958	2577080	52	1.15
2959	2577246	53	1.15
2960	2577421	37	1.15
2961	2578035	73	1.15
2962	2579739	41	1.15
2963	2581121	30	1.15
2964	2582739	42	1.15
2965	2583099	35	1.15
2966	2584017	32	1.15
2967	2584819	43	1.15
2968	2585200	37	1.15
2969	2586179	58	1.15
2970	2587405	35	1.15
2971	2589792	39	1.15
2972	2590013	100	1.15
2973	2590084	37	1.15
2974	2591341	32	1.15
2975	2591894	51	1.15
2976	2593625	46	1.15
2977	2595499	63	1.15
2978	2596582	49	1.15
2979	2597185	66	1.15
2980	2597871	112	1.15
2981	2597902	80	1.15
2982	2598544	55	1.15
2983	2600166	137	1.15
2984	2601160	37	1.15
2985	2603818	43	1.15
2986	2603908	83	1.15
2987	2606760	236	1.15
2988	2610404	176	1.14
2989	2610449	203	1.15
2990	2611471	37	1.14
2991	2611843	74	1.15
2992	2612356	164	1.15
2993	2614119	32	1.14
2994	2615288	135	1.14
2995	2620006	62	1.14
2996	2620518	85	1.14
2997	2620713	92	1.14
2998	2620758	57	1.14
2999	2621186	100	1.14
3000	2622316	36	1.14
3001	2622606	87	1.14
3002	2623644	46	1.14
3003	2624298	143	1.14
3004	2625660	36	1.14
3005	2627969	46	1.14
3006	2628388	74	1.14
3007	2629152	34	1.14
3008	2630570	93	1.14
3009	2630658	124	1.14
3010	2631086	32	1.14
3011	2631259	49	1.14
3012	2631394	30	1.14
3013	2632066	64	1.14
3014	2632174	32	1.15
3015	2632476	146	1.15
3016	2633465	56	1.15
3017	2633521	166	1.15
3018	2635937	145	1.14
3019	2637313	62	1.14
3020	2638216	44	1.14
3021	2639629	54	1.14
3022	2641845	44	1.14
3023	2644181	100	1.14
3024	2646135	37	1.14
3025	2646474	45	1.14
3026	2646795	57	1.14
3027	2647632	75	1.14
3028	2648463	56	1.14
3029	2648879	48	1.14
3030	2649945	40	1.14
3031	2653383	55	1.14
3032	2658163	42	1.14
3033	2658705	34	1.14
3034	2660158	44	1.14
3035	2660228	37	1.14
3036	2662821	54	1.14
3037	2663643	32	1.14
3038	2664605	74	1.14
3039	2667590	53	1.14
3040	2668631	54	1.14
3041	2668931	37	1.14
3042	2670647	55	1.14
3043	2671893	30	1.14
3044	2672047	76	1.14
3045	2672162	37	1.14
3046	2673051	37	1.14
3047	2673668	97	1.14
3048	2674074	32	1.14
3049	2674912	314	1.14
3050	2675054	119	1.14
3051	2676052	30	1.14
3052	2679138	42	1.14
3053	2679742	48	1.14
3054	2680137	32	1.14
3055	2681319	60	1.14
3056	2681805	229	1.14
3057	2682543	33	1.14
3058	2684251	42	1.14
3059	2684886	37	1.14
3060	2687516	60	1.14
3061	2687809	59	1.14
3062	2689411	45	1.14
3063	2690605	88	1.14
3064	2690856	96	1.14
3065	2692426	69	1.14
3066	2693292	92	1.14
3067	2694158	50	1.14
3068	2695445	36	1.14
3069	2696401	131	1.14
3070	2696558	56	1.14
3071	2697698	101	1.14
3072	2697906	86	1.14
3073	2698159	154	1.14
3074	2698570	45	1.14
3075	2698872	32	1.14
3076	2701480	109	1.14
3077	2702279	88	1.14
3078	2702336	30	1.14
3079	2702411	54	1.14
3080	2702835	62	1.14
3081	2703084	39	1.14
3082	2703402	37	1.14
3083	2705612	50	1.14
3084	2707307	55	1.14
3085	2707975	40	1.14
3086	2709216	49	1.14
3087	2712144	55	1.14
3088	2715924	54	1.14
3089	2716599	86	1.14
3090	2717079	34	1.14
3091	2720751	71	1.14
3092	2721229	176	1.14
3093	2721347	91	1.14
3094	2721730	33	1.14
3095	2721953	41	1.14
3096	2722611	35	1.14
3097	2722661	48	1.14
3098	2723108	41	1.14
3099	2723581	32	1.14
3100	2726003	40	1.14
3101	2726429	133	1.14
3102	2726671	32	1.14
3103	2727195	83	1.14
3104	2727258	63	1.14
3105	2727931	81	1.14
3106	2728203	117	1.14
3107	2728635	37	1.14
3108	2728786	76	1.14
3109	2728958	56	1.14
3110	2730493	42	1.14
3111	2731899	40	1.14
3112	2732101	40	1.14
3113	2733851	37	1.14
3114	2736541	46	1.14
3115	2736810	43	1.14
3116	2736881	42	1.14
3117	2737269	35	1.14
3118	2738041	146	1.14
3119	2739894	203	1.14
3120	2739970	61	1.14
3121	2740250	73	1.14
3122	2741256	31	1.14
3123	2741800	52	1.14
3124	2742261	73	1.14
3125	2742385	35	1.14
3126	2744593	32	1.14
3127	2746019	34	1.14
3128	2746162	132	1.14
3129	2746563	117	1.14
3130	2747651	40	1.14
3131	2750105	30	1.14
3132	2750710	42	1.14
3133	2752223	35	1.14
3134	2752654	43	1.14
3135	2754014	51	1.14
3136	2755034	30	1.14
3137	2756404	41	1.14
3138	2756668	77	1.14
3139	2758161	39	1.14
3140	2760836	30	1.14
3141	2761048	50	1.14
3142	2761382	30	1.14
3143	2762791	37	1.14
3144	2764398	85	1.14
3145	2764924	76	1.14
3146	2766996	36	1.14
3147	2768466	33	1.14
3148	2768889	42	1.14
3149	2769030	31	1.14
3150	2771089	38	1.14
3151	2771136	43	1.14
3152	2771255	95	1.14
3153	2771638	30	1.14
3154	2771875	31	1.14
3155	2771990	31	1.14
3156	2772411	30	1.14
3157	2772974	35	1.14
3158	2773642	53	1.14
3159	2773924	135	1.14
3160	2774954	35	1.14
3161	2776985	32	1.14
3162	2782784	70	1.14
3163	2786095	115	1.14
3164	2786179	122	1.14
3165	2786230	43	1.14
3166	2788694	34	1.14
3167	2790750	58	1.13
3168	2790911	37	1.14
3169	2791726	30	1.14
3170	2791854	51	1.14
3171	2794454	38	1.13
3172	2795075	139	1.13
3173	2796225	46	1.13
3174	2797108	137	1.13
3175	2800303	32	1.13
3176	2802277	40	1.13
3177	2804002	40	1.13
3178	2805215	30	1.13
3179	2805661	121	1.13
3180	2806058	110	1.13
3181	2807465	37	1.13
3182	2807651	94	1.13
3183	2809566	32	1.13
3184	2811044	30	1.13
3185	2811066	68	1.13
3186	2811301	31	1.13
3187	2811341	55	1.13
3188	2813509	124	1.13
3189	2815683	78	1.13
3190	2815866	32	1.13
3191	2817765	60	1.13
3192	2818771	103	1.13
3193	2819775	37	1.13
3194	2820098	31	1.13
3195	2821215	80	1.13
3196	2821818	30	1.13
3197	2822808	55	1.13
3198	2823128	30	1.13
3199	2823842	181	1.13
3200	2824038	30	1.13
3201	2825099	38	1.13
3202	2826746	43	1.13
3203	2829126	51	1.13
3204	2829382	43	1.13
3205	2830607	31	1.13
3206	2831274	75	1.13
3207	2831324	72	1.13
3208	2833022	105	1.13
3209	2833078	48	1.13
3210	2833660	38	1.13
3211	2833681	58	1.13
3212	2833737	67	1.13
3213	2834111	38	1.13
3214	2835210	47	1.13
3215	2836868	42	1.13
3216	2837310	40	1.13
3217	2837933	35	1.13
3218	2838174	41	1.13
3219	2838301	38	1.13
3220	2839144	51	1.13
3221	2840399	47	1.13
3222	2840660	32	1.13
3223	2844289	31	1.13
3224	2845215	42	1.13
3225	2846125	40	1.13
3226	2846569	40	1.13
3227	2846651	30	1.13
3228	2847306	30	1.13
3229	2847561	43	1.13
3230	2847852	36	1.13
3231	2848569	44	1.13
3232	2849275	218	1.13
3233	2849611	35	1.13
3234	2849989	160	1.13
3235	2851167	50	1.13
3236	2851187	39	1.13
3237	2851248	30	1.14
3238	2851436	33	1.14
3239	2852372	41	1.14
3240	2853587	45	1.14
3241	2853891	40	1.14
3242	2854805	83	1.14
3243	2856119	49	1.14
3244	2856146	55	1.14
3245	2856902	36	1.14
3246	2857242	49	1.14
3247	2857377	32	1.14
3248	2857709	45	1.14
3249	2857877	68	1.14
3250	2858289	76	1.14
3251	2858385	42	1.14
3252	2859514	42	1.14
3253	2860064	42	1.14
3254	2860694	30	1.14
3255	2865195	51	1.14
3256	2865528	58	1.14
3257	2865633	45	1.14
3258	2866729	143	1.14
3259	2868752	33	1.14
3260	2868794	128	1.14
3261	2869946	55	1.14
3262	2871854	41	1.14
3263	2872874	31	1.14
3264	2873390	77	1.14
3265	2874626	30	1.14
3266	2875366	37	1.14
3267	2875579	36	1.14
3268	2876006	32	1.14
3269	2876089	145	1.14
3270	2876618	40	1.14
3271	2876644	33	1.14
3272	2877310	71	1.14
3273	2877693	47	1.14
3274	2880110	130	1.14
3275	2881212	30	1.14
3276	2881406	35	1.14
3277	2882391	41	1.14
3278	2882950	46	1.14
3279	2883103	43	1.14
3280	2883862	42	1.14
3281	2885549	32	1.14
3282	2885781	43	1.14
3283	2885955	90	1.14
3284	2887193	80	1.14
3285	2887249	66	1.14
3286	2887890	60	1.14
3287	2888145	35	1.14
3288	2888857	37	1.14
3289	2889983	59	1.14
3290	2890032	114	1.14
3291	2890156	34	1.14
3292	2890927	41	1.14
3293	2892081	93	1.14
3294	2892679	64	1.14
3295	2892760	66	1.14
3296	2894197	115	1.14
3297	2894772	30	1.14
3298	2894830	31	1.14
3299	2896209	142	1.14
3300	2898173	38	1.14
3301	2899202	104	1.14
3302	2901389	33	1.14
3303	2902844	32	1.14
3304	2903342	36	1.14
3305	2904086	44	1.14
3306	2906781	39	1.14
3307	2907076	37	1.14
3308	2908705	36	1.14
3309	2910230	83	1.14
3310	2910286	115	1.14
3311	2910724	203	1.14
3312	2910864	171	1.14
3313	2910906	66	1.14
3314	2911053	53	1.14
3315	2912649	54	1.14
3316	2912759	73	1.14
3317	2912834	70	1.14
3318	2916167	48	1.14
3319	2917431	94	1.14
3320	2918689	193	1.14
3321	2918895	34	1.14
3322	2921469	150	1.14
3323	2922478	30	1.14
3324	2923289	245	1.14
3325	2923591	77	1.14
3326	2923847	36	1.14
3327	2924647	46	1.14
3328	2925093	81	1.14
3329	2925315	141	1.14
3330	2925841	83	1.14
3331	2926903	62	1.14
3332	2930030	72	1.14
3333	2932330	38	1.14
3334	2933107	32	1.14
3335	2934153	37	1.14
3336	2935454	37	1.14
3337	2936414	42	1.14
3338	2938248	48	1.14
3339	2943004	44	1.13
3340	2943031	76	1.13
3341	2944676	61	1.13
3342	2946794	63	1.13
3343	2947002	50	1.13
3344	2947490	36	1.13
3345	2948568	33	1.13
3346	2950394	36	1.13
3347	2951445	165	1.13
3348	2951692	60	1.13
3349	2952140	31	1.13
3350	2952903	43	1.13
3351	2953831	79	1.13
3352	2954012	48	1.13
3353	2954973	52	1.13
3354	2956632	31	1.13
3355	2956723	60	1.13
3356	2956875	51	1.13
3357	2957181	73	1.14
3358	2957762	88	1.14
3359	2959691	73	1.13
3360	2960190	41	1.14
3361	2961521	31	1.13
3362	2961895	164	1.14
3363	2962077	31	1.14
3364	2962272	47	1.14
3365	2963212	30	1.14
3366	2963894	32	1.14
3367	2964367	42	1.14
3368	2964450	60	1.14
3369	2965399	51	1.14
3370	2965555	56	1.14
3371	2965736	42	1.14
3372	2966055	47	1.14
3373	2966665	31	1.14
3374	2966813	30	1.14
3375	2967464	39	1.14
3376	2967497	37	1.14
3377	2967655	83	1.14
3378	2967962	45	1.14
3379	2969595	36	1.14
3380	2970930	115	1.14
3381	2973560	33	1.14
3382	2974642	37	1.14
3383	2975107	32	1.14
3384	2976039	39	1.14
3385	2976505	156	1.14
3386	2977001	32	1.14
3387	2977506	68	1.14
3388	2977788	34	1.14
3389	2978371	60	1.14
3390	2980298	170	1.14
3391	2980459	67	1.14
3392	2981299	103	1.14
3393	2981715	32	1.14
3394	2983147	130	1.14
3395	2983220	65	1.14
3396	2986282	33	1.14
3397	2988416	106	1.14
3398	2988616	99	1.14
3399	2990714	30	1.14
3400	2996803	33	1.13
3401	2996909	108	1.13
3402	2999055	135	1.13
3403	3000113	37	1.13
3404	3000361	30	1.13
3405	3000560	34	1.13
3406	3000843	40	1.14
3407	3001452	33	1.14
3408	3003139	54	1.13
3409	3003153	60	1.14
3410	3003260	101	1.14
3411	3004534	35	1.14
3412	3004806	33	1.14
3413	3005595	33	1.14
3414	3005683	44	1.14
3415	3005706	42	1.14
3416	3006387	31	1.14
3417	3006929	42	1.14
3418	3007347	30	1.14
3419	3008904	52	1.14
3420	3009486	43	1.14
3421	3010723	46	1.14
3422	3010924	30	1.14
3423	3012513	35	1.14
3424	3012885	39	1.14
3425	3013677	49	1.14
3426	3014024	55	1.14
3427	3014210	33	1.14
3428	3014820	96	1.14
3429	3016257	32	1.14
3430	3018570	36	1.14
3431	3019180	41	1.14
3432	3019482	42	1.14
3433	3019607	31	1.14
3434	3019906	50	1.14
3435	3020606	116	1.14
3436	3022484	53	1.14
3437	3022567	51	1.14
3438	3023603	158	1.14
3439	3024894	48	1.14
3440	3025560	48	1.14
3441	3026206	207	1.14
3442	3027589	33	1.14
3443	3027720	40	1.14
3444	3031144	110	1.14
3445	3031392	40	1.14
3446	3031421	119	1.14
3447	3031748	32	1.14
3448	3032256	137	1.14
3449	3032428	31	1.14
3450	3032491	84	1.14
3451	3033103	45	1.14
3452	3034676	35	1.14
3453	3035989	265	1.14
3454	3038062	69	1.14
3455	3038620	61	1.14
3456	3039135	31	1.14
3457	3039322	97	1.14
3458	3040620	33	1.14
3459	3041019	50	1.14
3460	3041238	45	1.14
3461	3042419	38	1.14
3462	3043933	30	1.14
3463	3044044	56	1.14
3464	3045451	33	1.14
3465	3045526	52	1.14
3466	3045915	35	1.14
3467	3046568	66	1.14
3468	3046854	51	1.14
3469	3048952	31	1.14
3470	3049056	63	1.14
3471	3049690	43	1.14
3472	3049794	41	1.14
3473	3050825	99	1.14
3474	3051149	48	1.14
3475	3054871	37	1.14
3476	3054956	33	1.14
3477	3055011	67	1.14
3478	3056393	41	1.14
3479	3056563	158	1.14
3480	3058728	33	1.14
3481	3059273	37	1.14
3482	3061016	34	1.14
3483	3061660	58	1.14
3484	3063381	100	1.14
3485	3063666	70	1.14
3486	3064410	43	1.14
3487	3065643	118	1.14
3488	3069066	72	1.14
3489	3069162	85	1.14
3490	3072541	37	1.14
3491	3074067	74	1.14
3492	3074477	32	1.14
3493	3075180	44	1.14
3494	3075290	58	1.14
3495	3075734	34	1.14
3496	3076653	33	1.14
3497	3076844	32	1.14
3498	3079855	32	1.14
3499	3081032	48	1.14
3500	3081820	135	1.14
3501	3083303	43	1.14
3502	3083594	36	1.14
3503	3084861	74	1.14
3504	3085473	36	1.14
3505	3086320	46	1.14
3506	3086919	64	1.14
3507	3088997	36	1.14
3508	3090219	39	1.14
3509	3091211	57	1.14
3510	3091262	113	1.14
3511	3091448	53	1.14
3512	3092222	61	1.14
3513	3092280	39	1.14
3514	3092519	84	1.14
3515	3093686	69	1.14
3516	3097854	55	1.13
3517	3100296	132	1.13
3518	3101769	41	1.13
3519	3102078	60	1.13
3520	3102273	75	1.13
3521	3104111	52	1.13
3522	3104304	60	1.13
3523	3104560	65	1.13
3524	3105276	74	1.13
3525	3105648	56	1.14
3526	3106314	56	1.14
3527	3107086	44	1.14
3528	3107333	52	1.14
3529	3107446	39	1.14
3530	3107869	78	1.14
3531	3108560	42	1.14
3532	3109059	116	1.14
3533	3110291	39	1.14
3534	3111656	36	1.14
3535	3113144	49	1.14
3536	3114004	33	1.14
3537	3114249	31	1.14
3538	3115727	56	1.14
3539	3116824	44	1.14
3540	3117698	35	1.14
3541	3117844	138	1.14
3542	3118060	78	1.14
3543	3119815	196	1.14
3544	3119952	31	1.14
3545	3122918	35	1.14
3546	3125625	54	1.13
3547	3126583	87	1.13
3548	3127368	76	1.13
3549	3128088	44	1.13
3550	3128213	40	1.13
3551	3128442	32	1.14
3552	3129008	41	1.14
3553	3129226	44	1.14
3554	3129266	45	1.14
3555	3130637	31	1.14
3556	3130791	46	1.14
3557	3131138	34	1.14
3558	3131309	60	1.14
3559	3131592	96	1.14
3560	3131743	49	1.14
3561	3132731	194	1.14
3562	3133917	87	1.14
3563	3134070	59	1.14
3564	3134636	30	1.14
3565	3135196	36	1.14
3566	3136838	42	1.14
3567	3137946	65	1.14
3568	3138026	31	1.14
3569	3138790	30	1.14
3570	3139727	42	1.14
3571	3139984	101	1.14
3572	3140288	33	1.14
3573	3141556	48	1.14
3574	3142320	74	1.14
3575	3142471	34	1.14
3576	3144692	34	1.14
3577	3147784	43	1.14
3578	3149875	84	1.14
3579	3151029	69	1.14
3580	3152084	134	1.14
3581	3152112	34	1.14
3582	3152182	62	1.14
3583	3152214	126	1.14
3584	3152422	51	1.14
3585	3153647	86	1.14
3586	3153702	38	1.14
3587	3155427	179	1.14
3588	3157050	59	1.14
3589	3157296	46	1.14
3590	3158198	130	1.14
3591	3159448	55	1.14
3592	3160397	49	1.14
3593	3160963	112	1.14
3594	3162297	34	1.14
3595	3162672	45	1.14
3596	3163833	303	1.14
3597	3164977	96	1.14
3598	3166310	39	1.14
3599	3167092	87	1.14
3600	3168083	71	1.14
3601	3168368	36	1.14
3602	3168557	47	1.14
3603	3169084	47	1.14
3604	3172438	47	1.14
3605	3174052	31	1.14
3606	3175662	31	1.14
3607	3176483	35	1.14
3608	3177654	66	1.14
3609	3177691	71	1.14
3610	3180067	35	1.14
3611	3180188	39	1.14
3612	3181043	37	1.14
3613	3181390	170	1.14
3614	3182101	49	1.14
3615	3182270	42	1.14
3616	3183010	34	1.14
3617	3185304	115	1.14
3618	3185799	162	1.14
3619	3186293	128	1.14
3620	3186610	70	1.14
3621	3186958	107	1.14
3622	3187238	62	1.14
3623	3187736	67	1.14
3624	3188281	30	1.14
3625	3188484	30	1.14
3626	3189095	111	1.14
3627	3191585	65	1.14
3628	3191809	78	1.14
3629	3192111	44	1.14
3630	3192363	32	1.14
3631	3192469	61	1.14
3632	3193163	70	1.14
3633	3195284	53	1.14
3634	3196766	51	1.14
3635	3197031	30	1.14
3636	3197628	34	1.14
3637	3200185	89	1.14
3638	3201064	36	1.14
3639	3201198	65	1.14
3640	3203162	47	1.14
3641	3204729	87	1.14
3642	3205929	46	1.14
3643	3206105	88	1.14
3644	3206980	49	1.14
3645	3207821	76	1.14
3646	3208310	30	1.14
3647	3211010	44	1.14
3648	3211332	77	1.14
3649	3211483	37	1.14
3650	3211810	44	1.14
3651	3212203	32	1.14
3652	3212821	55	1.14
3653	3213937	38	1.14
3654	3214232	30	1.14
3655	3219177	34	1.14
3656	3220542	31	1.14
3657	3221208	95	1.14
3658	3221533	31	1.14
3659	3221927	30	1.14
3660	3222059	32	1.14
3661	3222933	168	1.14
3662	3223278	55	1.14
3663	3227865	63	1.13
3664	3229407	55	1.13
3665	3230224	44	1.13
3666	3230791	32	1.13
3667	3231060	33	1.13
3668	3231931	163	1.13
3669	3232207	36	1.14
3670	3232532	94	1.14
3671	3233412	34	1.14
3672	3233593	32	1.14
3673	3233748	103	1.14
3674	3234748	98	1.14
3675	3235711	37	1.14
3676	3236928	32	1.14
3677	3237094	53	1.14
3678	3237421	37	1.14
3679	3237659	45	1.14
3680	3238153	57	1.14
3681	3238613	89	1.14
3682	3241048	37	1.14
3683	3241560	30	1.14
3684	3243585	66	1.14
3685	3243872	55	1.14
3686	3244079	47	1.14
3687	3245326	31	1.14
3688	3245505	32	1.14
3689	3245628	274	1.14
3690	3245966	52	1.14
3691	3247399	116	1.14
3692	3247812	61	1.14
3693	3249241	93	1.14
3694	3249331	105	1.14
3695	3250419	31	1.14
3696	3250791	35	1.14
3697	3250916	97	1.14
3698	3251892	40	1.14
3699	3253095	52	1.14
3700	3253516	31	1.14
3701	3253944	100	1.14
3702	3257509	100	1.14
3703	3259428	33	1.14
3704	3260904	68	1.14
3705	3261744	37	1.14
3706	3261922	47	1.14
3707	3262255	81	1.14
3708	3262479	32	1.14
3709	3264417	41	1.14
3710	3265822	37	1.14
3711	3270427	70	1.13
3712	3270513	41	1.13
3713	3271067	42	1.14
3714	3271769	94	1.14
3715	3273444	38	1.13
3716	3274675	34	1.13
3717	3274729	62	1.14
3718	3275725	33	1.14
3719	3279822	36	1.13
3720	3279918	107	1.13
3721	3280881	46	1.13
3722	3281041	36	1.13
3723	3281207	40	1.13
3724	3281926	33	1.13
3725	3282113	124	1.13
3726	3283202	104	1.13
3727	3283565	33	1.14
3728	3283716	39	1.14
3729	3284881	30	1.14
3730	3285519	118	1.14
3731	3286298	35	1.14
3732	3287862	113	1.14
3733	3288328	30	1.14
3734	3289485	53	1.14
3735	3289882	38	1.14
3736	3289942	38	1.14
3737	3290714	32	1.14
3738	3290808	30	1.14
3739	3291621	44	1.14
3740	3292793	38	1.14
3741	3292993	36	1.14
3742	3293432	64	1.14
3743	3293485	39	1.14
3744	3295783	58	1.14
3745	3295861	85	1.14
3746	3296020	56	1.14
3747	3296655	35	1.14
3748	3297953	60	1.14
3749	3298838	149	1.14
3750	3299286	35	1.14
3751	3299619	47	1.14
3752	3300511	50	1.14
3753	3302192	96	1.14
3754	3302807	46	1.14
3755	3303899	37	1.14
3756	3304260	41	1.14
3757	3304301	39	1.14
3758	3304621	63	1.14
3759	3304918	54	1.14
3760	3305516	32	1.14
3761	3305834	74	1.14
3762	3306220	49	1.14
3763	3306414	215	1.14
3764	3306727	65	1.14
3765	3306940	128	1.14
3766	3307927	77	1.14
3767	3308871	32	1.14
3768	3309093	36	1.14
3769	3309687	44	1.14
3770	3310189	33	1.14
3771	3311278	33	1.14
3772	3311502	44	1.14
3773	3312225	37	1.14
3774	3312537	58	1.14
3775	3312764	124	1.14
3776	3313993	32	1.14
3777	3314544	236	1.14
3778	3315150	39	1.14
3779	3316060	32	1.14
3780	3316091	91	1.14
3781	3318306	35	1.14
3782	3319811	42	1.14
3783	3319920	66	1.14
3784	3321028	35	1.14
3785	3321413	88	1.14
3786	3322803	35	1.14
3787	3323339	32	1.14
3788	3323825	51	1.14
3789	3324567	33	1.14
3790	3328743	50	1.14
3791	3329080	96	1.14
3792	3329640	40	1.14
3793	3331011	37	1.14
3794	3332116	71	1.14
3795	3332191	56	1.14
3796	3332635	42	1.14
3797	3332859	54	1.14
3798	3332947	44	1.14
3799	3333107	138	1.14
3800	3333542	43	1.14
3801	3333772	70	1.14
3802	3334321	59	1.14
3803	3336500	148	1.14
3804	3338803	34	1.14
3805	3339776	46	1.14
3806	3340678	104	1.14
3807	3342575	50	1.14
3808	3342957	37	1.14
3809	3345123	30	1.14
3810	3345243	43	1.14
3811	3345751	49	1.14
3812	3347123	86	1.14
3813	3347934	67	1.14
3814	3349118	31	1.14
3815	3351041	102	1.14
3816	3352628	101	1.14
3817	3355941	36	1.14
3818	3358842	38	1.14
3819	3358954	206	1.14
3820	3362916	35	1.14
3821	3364224	48	1.14
3822	3364361	36	1.14
3823	3364783	100	1.14
3824	3365938	78	1.14
3825	3366939	61	1.14
3826	3367674	70	1.14
3827	3368391	111	1.14
3828	3369906	36	1.14
3829	3370506	220	1.14
3830	3370956	30	1.14
3831	3372875	40	1.14
3832	3372911	81	1.14
3833	3373724	96	1.14
3834	3374812	41	1.14
3835	3375094	49	1.14
3836	3375135	48	1.14
3837	3375300	95	1.14
3838	3375410	38	1.14
3839	3376195	30	1.14
3840	3376597	103	1.14
3841	3377126	30	1.14
3842	3378270	32	1.14
3843	3378367	77	1.14
3844	3378615	34	1.14
3845	3378696	82	1.14
3846	3379036	121	1.14
3847	3379462	55	1.14
3848	3380457	32	1.14
3849	3380844	41	1.14
3850	3382328	65	1.14
3851	3382802	37	1.14
3852	3383053	30	1.14
3853	3383929	220	1.14
3854	3384527	120	1.14
3855	3385710	43	1.14
3856	3387283	119	1.14
3857	3388061	53	1.14
3858	3388367	98	1.14
3859	3389858	30	1.14
3860	3390172	32	1.14
3861	3390491	48	1.14
3862	3392883	32	1.14
3863	3393185	69	1.14
3864	3393748	42	1.14
3865	3393835	45	1.14
3866	3395022	233	1.14
3867	3395156	42	1.14
3868	3395657	48	1.14
3869	3395778	30	1.14
3870	3396217	49	1.14
3871	3398214	30	1.14
3872	3398861	88	1.14
3873	3399674	33	1.14
3874	3400862	31	1.14
3875	3400904	31	1.14
3876	3403767	91	1.14
3877	3404931	40	1.14
3878	3405085	33	1.14
3879	3405931	31	1.14
3880	3406214	147	1.14
3881	3407191	34	1.14
3882	3407303	108	1.14
3883	3408150	42	1.14
3884	3408511	378	1.14
3885	3408671	135	1.14
3886	3408713	74	1.14
3887	3410468	50	1.14
3888	3411266	80	1.14
3889	3411662	43	1.14
3890	3411756	136	1.14
3891	3412151	35	1.14
3892	3412494	107	1.14
3893	3412947	31	1.14
3894	3413497	58	1.14
3895	3415038	65	1.14
3896	3415672	54	1.14
3897	3416164	41	1.14
3898	3417395	54	1.14
3899	3420486	30	1.14
3900	3420639	73	1.14
3901	3420950	32	1.14
3902	3421783	55	1.14
3903	3422194	40	1.14
3904	3423243	56	1.14
3905	3424355	129	1.14
3906	3424704	39	1.14
3907	3425052	30	1.14
3908	3426957	41	1.14
3909	3427879	88	1.14
3910	3428603	150	1.14
3911	3428973	206	1.14
3912	3429562	81	1.14
3913	3429636	85	1.14
3914	3432871	30	1.14
3915	3433374	34	1.14
3916	3434406	35	1.14
3917	3434603	352	1.14
3918	3435529	37	1.14
3919	3436452	48	1.14
3920	3437062	139	1.14
3921	3437843	37	1.14
3922	3437960	158	1.14
3923	3440631	153	1.14
3924	3442113	41	1.14
3925	3444616	34	1.14
3926	3445555	74	1.14
3927	3445720	32	1.14
3928	3448775	35	1.14
3929	3449037	47	1.14
3930	3449502	42	1.14
3931	3451527	55	1.14
3932	3454968	35	1.14
3933	3456071	70	1.14
3934	3456635	45	1.14
3935	3458305	47	1.14
3936	3458943	41	1.14
3937	3461944	102	1.14
3938	3463918	52	1.14
3939	3464363	102	1.14
3940	3466443	91	1.14
3941	3467607	84	1.14
3942	3468635	94	1.14
3943	3469901	36	1.14
3944	3470603	47	1.14
3945	3474768	59	1.14
3946	3475113	76	1.14
3947	3475354	36	1.14
3948	3475567	34	1.14
3949	3476553	34	1.14
3950	3477482	30	1.14
3951	3479061	31	1.14
3952	3479792	44	1.14
3953	3480855	87	1.14
3954	3481244	111	1.14
3955	3481366	36	1.14
3956	3482788	31	1.14
3957	3483440	30	1.14
3958	3484213	63	1.14
3959	3484536	44	1.14
3960	3484861	47	1.14
3961	3485395	70	1.14
3962	3485747	33	1.14
3963	3486083	49	1.14
3964	3486261	118	1.14
3965	3486783	115	1.14
3966	3488541	31	1.14
3967	3488595	44	1.14
3968	3489323	30	1.14
3969	3492592	61	1.14
3970	3493379	65	1.14
3971	3495869	44	1.14
3972	3497199	47	1.14
3973	3499880	33	1.14
3974	3500433	44	1.14
3975	3501101	42	1.14
3976	3502141	110	1.14
3977	3503339	48	1.14
3978	3503779	107	1.14
3979	3504533	44	1.14
3980	3505302	148	1.14
3981	3505869	54	1.14
3982	3507291	34	1.14
3983	3507857	32	1.14
3984	3509967	60	1.14
3985	3510023	46	1.14
3986	3510909	38	1.14
3987	3512002	33	1.14
3988	3513864	210	1.13
3989	3514225	36	1.14
3990	3515326	32	1.14
3991	3515986	37	1.14
3992	3516660	39	1.14
3993	3517192	55	1.14
3994	3517917	53	1.14
3995	3519654	41	1.14
3996	3520039	94	1.14
3997	3520144	54	1.14
3998	3521024	37	1.14
3999	3521210	42	1.14
4000	3521456	62	1.14
4001	3521910	31	1.14
4002	3523754	59	1.14
4003	3524407	60	1.14
4004	3525417	69	1.14
4005	3525646	36	1.14
4006	3526192	30	1.14
4007	3527653	71	1.14
4008	3527954	134	1.14
4009	3528362	51	1.14
4010	3530748	63	1.14
4011	3531344	87	1.14
4012	3533121	64	1.14
4013	3533445	30	1.14
4014	3533582	39	1.14
4015	3533932	60	1.14
4016	3534842	51	1.14
4017	3535506	77	1.14
4018	3535532	60	1.14
4019	3535583	39	1.14
4020	3536226	34	1.14
4021	3536899	42	1.14
4022	3538492	32	1.14
4023	3538641	38	1.14
4024	3539120	74	1.14
4025	3539249	61	1.14
4026	3539683	51	1.14
4027	3539773	38	1.14
4028	3542279	82	1.14
4029	3544311	121	1.14
4030	3547274	42	1.14
4031	3547728	50	1.14
4032	3548293	48	1.14
4033	3548559	31	1.14
4034	3549094	54	1.14
4035	3549866	30	1.14
4036	3551209	52	1.14
4037	3554517	41	1.14
4038	3554649	38	1.14
4039	3554671	45	1.14
4040	3556691	49	1.14
4041	3556982	42	1.14
4042	3557436	32	1.14
4043	3558033	53	1.14
4044	3558218	81	1.14
4045	3558422	41	1.14
4046	3560632	53	1.14
4047	3560784	142	1.14
4048	3561524	79	1.14
4049	3563448	39	1.14
4050	3563479	39	1.14
4051	3564272	30	1.14
4052	3564768	37	1.14
4053	3565564	113	1.14
4054	3565607	125	1.14
4055	3566415	67	1.14
4056	3566703	129	1.14
4057	3567273	101	1.14
4058	3567420	40	1.14
4059	3567873	74	1.14
4060	3569335	54	1.14
4061	3570362	44	1.14
4062	3570981	43	1.14
4063	3571887	49	1.14
4064	3572762	41	1.14
4065	3573619	70	1.14
4066	3573941	33	1.14
4067	3574356	33	1.14
4068	3575267	31	1.14
4069	3577017	347	1.14
4070	3578889	93	1.14
4071	3578915	35	1.14
4072	3579366	116	1.14
4073	3580309	97	1.14
4074	3580867	57	1.14
4075	3584794	39	1.14
4076	3585298	30	1.14
4077	3585421	105	1.14
4078	3586293	36	1.14
4079	3586559	30	1.14
4080	3586880	43	1.14
4081	3588932	31	1.14
4082	3589211	43	1.14
4083	3589766	86	1.14
4084	3590310	46	1.14
4085	3590662	63	1.14
4086	3590824	34	1.14
4087	3591108	58	1.14
4088	3591537	31	1.14
4089	3591590	301	1.14
4090	3592045	31	1.14
4091	3594599	63	1.14
4092	3596443	38	1.14
4093	3597904	48	1.14
4094	3597971	48	1.14
4095	3598361	55	1.14
4096	3598619	51	1.14
4097	3598718	48	1.14
4098	3598788	71	1.14
4099	3599627	54	1.14
4100	3599743	66	1.14
4101	3603201	133	1.14
4102	3603380	65	1.14
4103	3604060	104	1.14
4104	3604977	32	1.14
4105	3606029	30	1.14
4106	3607880	42	1.14
4107	3608716	103	1.14
4108	3610448	78	1.14
4109	3614414	55	1.14
4110	3614958	36	1.14
4111	3616653	32	1.14
4112	3617224	30	1.14
4113	3617571	66	1.14
4114	3618307	58	1.14
4115	3619308	54	1.14
4116	3620217	63	1.14
4117	3620575	33	1.14
4118	3622433	58	1.14
4119	3623111	122	1.14
4120	3624152	274	1.14
4121	3624419	60	1.14
4122	3624974	68	1.14
4123	3625801	35	1.14
4124	3626385	39	1.14
4125	3627481	57	1.14
4126	3628210	31	1.14
4127	3628642	52	1.14
4128	3629031	82	1.14
4129	3630242	78	1.14
4130	3630911	31	1.14
4131	3631222	32	1.14
4132	3632689	88	1.14
4133	3633938	74	1.14
4134	3634157	38	1.14
4135	3634193	48	1.14
4136	3635924	71	1.14
4137	3635991	73	1.14
4138	3636680	39	1.14
4139	3638247	33	1.14
4140	3638735	82	1.14
4141	3639190	34	1.14
4142	3639295	39	1.14
4143	3639844	35	1.14
4144	3640732	35	1.14
4145	3641046	31	1.14
4146	3641096	32	1.14
4147	3643320	52	1.14
4148	3644357	33	1.14
4149	3646117	53	1.14
4150	3646518	55	1.14
4151	3647788	49	1.14
4152	3648473	39	1.14
4153	3648959	31	1.14
4154	3649481	41	1.14
4155	3651803	67	1.14
4156	3652901	37	1.14
4157	3653227	72	1.14
4158	3653463	97	1.14
4159	3653660	56	1.14
4160	3654844	50	1.14
4161	3655090	53	1.14
4162	3656354	38	1.14
4163	3657526	51	1.14
4164	3658755	66	1.14
4165	3658911	61	1.14
4166	3659838	45	1.14
4167	3659871	30	1.14
4168	3665992	33	1.14
4169	3666265	63	1.14
4170	3667183	34	1.14
4171	3668831	70	1.14
4172	3669097	32	1.14
4173	3669196	102	1.14
4174	3669505	42	1.14
4175	3670079	84	1.14
4176	3670478	30	1.14
4177	3670754	49	1.14
4178	3673427	40	1.14
4179	3674404	143	1.14
4180	3674485	44	1.14
4181	3675500	91	1.14
4182	3675822	63	1.14
4183	3676074	54	1.14
4184	3677930	30	1.14
4185	3678195	41	1.14
4186	3678772	30	1.14
4187	3679724	72	1.14
4188	3680169	43	1.14
4189	3681563	61	1.14
4190	3681794	51	1.14
